#Inventor V2.1 ascii

Separator {
                        DEF +0 DrawStyle {
                          style FILLED

                        }
                        DEF +1 Material {
                          ambientColor 1 0 0
                          diffuseColor 1 0 0
                          specularColor 0.79000002 0.83999997 0.83999997
                          emissiveColor 0 0 0
                          shininess 1
                          transparency 0

                        }

DEF YE12 Switch {
  whichChild -3

  Separator {

    MatrixTransform {
      matrix 2.4492128e-19 -0.001 1.8369096e-19 0
        0.001 -3.0615159e-19 -1.8369096e-19 0
        -3.6738193e-19 -3.6738193e-19 0.001 0
        -3.0281453e-15 -3.0281453e-15 8.2425003 1

    }
    IgSoRotSolid {
      fields [ SFFloat phiStart, SFFloat phiDelta, MFVec2f polygon, SFInt32 divisions, SFBool smooth, SFBool showLines, SFNode callbackList, SFNode hints, SFNode faces, SFNode lines, SFNode separator ]
      phiStart 1.3089969
      phiDelta 0.52359879
      polygon [ 1135 -267.5,
          1135 267.5,
          935 267.5,
          935 -267.5 ]
      divisions -1
      smooth TRUE

    }
  }
  Separator {

    MatrixTransform {
      matrix 0.00050000002 -0.00086602545 6.723556e-20 0
        0.00086602545 0.00050000002 -2.5092651e-19 0
        -3.6738193e-19 -3.6738193e-19 0.001 0
        -3.0281453e-15 -3.0281453e-15 8.2425003 1

    }
    IgSoRotSolid {
      fields [ SFFloat phiStart, SFFloat phiDelta, MFVec2f polygon, SFInt32 divisions, SFBool smooth, SFBool showLines, SFNode callbackList, SFNode hints, SFNode faces, SFNode lines, SFNode separator ]
      phiStart 1.3089969
      phiDelta 0.52359879
      polygon [ 1135 -267.5,
          1135 267.5,
          935 267.5,
          935 -267.5 ]
      divisions -1
      smooth TRUE

    }
  }
  Separator {

    MatrixTransform {
      matrix 0.00086602545 -0.00050000002 -6.723556e-20 0
        0.00050000002 0.00086602545 -2.5092651e-19 0
        -3.6738193e-19 -3.6738193e-19 0.001 0
        -3.0281453e-15 -3.0281453e-15 8.2425003 1

    }
    IgSoRotSolid {
      fields [ SFFloat phiStart, SFFloat phiDelta, MFVec2f polygon, SFInt32 divisions, SFBool smooth, SFBool showLines, SFNode callbackList, SFNode hints, SFNode faces, SFNode lines, SFNode separator ]
      phiStart 1.3089969
      phiDelta 0.52359879
      polygon [ 1135 -267.5,
          1135 267.5,
          935 267.5,
          935 -267.5 ]
      divisions -1
      smooth TRUE

    }
  }
  Separator {

    MatrixTransform {
      matrix 0.001 -3.6738193e-19 -1.8369096e-19 0
        -1.8369096e-19 0.001 -1.8369096e-19 0
        -3.6738193e-19 -3.6738193e-19 0.001 0
        -3.0281453e-15 -3.0281453e-15 8.2425003 1

    }
    IgSoRotSolid {
      fields [ SFFloat phiStart, SFFloat phiDelta, MFVec2f polygon, SFInt32 divisions, SFBool smooth, SFBool showLines, SFNode callbackList, SFNode hints, SFNode faces, SFNode lines, SFNode separator ]
      phiStart 1.3089969
      phiDelta 0.52359879
      polygon [ 1135 -267.5,
          1135 267.5,
          935 267.5,
          935 -267.5 ]
      divisions -1
      smooth TRUE

    }
  }
  Separator {

    MatrixTransform {
      matrix 0.00086602545 0.00050000002 -2.5092651e-19 0
        -0.00050000002 0.00086602545 -6.723556e-20 0
        -3.6738193e-19 -3.6738193e-19 0.001 0
        -3.0281453e-15 -3.0281453e-15 8.2425003 1

    }
    IgSoRotSolid {
      fields [ SFFloat phiStart, SFFloat phiDelta, MFVec2f polygon, SFInt32 divisions, SFBool smooth, SFBool showLines, SFNode callbackList, SFNode hints, SFNode faces, SFNode lines, SFNode separator ]
      phiStart 1.3089969
      phiDelta 0.52359879
      polygon [ 1135 -267.5,
          1135 267.5,
          935 267.5,
          935 -267.5 ]
      divisions -1
      smooth TRUE

    }
  }
  Separator {

    MatrixTransform {
      matrix 0.00050000002 0.00086602545 -2.5092651e-19 0
        -0.00086602545 0.00050000002 6.723556e-20 0
        -3.6738193e-19 -3.6738193e-19 0.001 0
        -3.0281453e-15 -3.0281453e-15 8.2425003 1

    }
    IgSoRotSolid {
      fields [ SFFloat phiStart, SFFloat phiDelta, MFVec2f polygon, SFInt32 divisions, SFBool smooth, SFBool showLines, SFNode callbackList, SFNode hints, SFNode faces, SFNode lines, SFNode separator ]
      phiStart 1.3089969
      phiDelta 0.52359879
      polygon [ 1135 -267.5,
          1135 267.5,
          935 267.5,
          935 -267.5 ]
      divisions -1
      smooth TRUE

    }
  }
  Separator {

    MatrixTransform {
      matrix -1.2246064e-19 0.001 -1.8369096e-19 0
        -0.001 4.2861224e-19 1.8369096e-19 0
        -3.6738193e-19 -3.6738193e-19 0.001 0
        -3.0281453e-15 -3.0281453e-15 8.2425003 1

    }
    IgSoRotSolid {
      fields [ SFFloat phiStart, SFFloat phiDelta, MFVec2f polygon, SFInt32 divisions, SFBool smooth, SFBool showLines, SFNode callbackList, SFNode hints, SFNode faces, SFNode lines, SFNode separator ]
      phiStart 1.3089969
      phiDelta 0.52359879
      polygon [ 1135 -267.5,
          1135 267.5,
          935 267.5,
          935 -267.5 ]
      divisions -1
      smooth TRUE

    }
  }
  Separator {

    MatrixTransform {
      matrix -0.00050000002 0.00086602545 -6.723556e-20 0
        -0.00086602545 -0.00050000002 2.5092651e-19 0
        -3.6738193e-19 -3.6738193e-19 0.001 0
        -3.0281453e-15 -3.0281453e-15 8.2425003 1

    }
    IgSoRotSolid {
      fields [ SFFloat phiStart, SFFloat phiDelta, MFVec2f polygon, SFInt32 divisions, SFBool smooth, SFBool showLines, SFNode callbackList, SFNode hints, SFNode faces, SFNode lines, SFNode separator ]
      phiStart 1.3089969
      phiDelta 0.52359879
      polygon [ 1135 -267.5,
          1135 267.5,
          935 267.5,
          935 -267.5 ]
      divisions -1
      smooth TRUE

    }
  }
  Separator {

    MatrixTransform {
      matrix -0.00086602545 0.00050000002 6.723556e-20 0
        -0.00050000002 -0.00086602545 2.5092651e-19 0
        -3.6738193e-19 -3.6738193e-19 0.001 0
        -3.0281453e-15 -3.0281453e-15 8.2425003 1

    }
    IgSoRotSolid {
      fields [ SFFloat phiStart, SFFloat phiDelta, MFVec2f polygon, SFInt32 divisions, SFBool smooth, SFBool showLines, SFNode callbackList, SFNode hints, SFNode faces, SFNode lines, SFNode separator ]
      phiStart 1.3089969
      phiDelta 0.52359879
      polygon [ 1135 -267.5,
          1135 267.5,
          935 267.5,
          935 -267.5 ]
      divisions -1
      smooth TRUE

    }
  }
  Separator {

    MatrixTransform {
      matrix -0.001 2.4492128e-19 1.8369096e-19 0
        3.0615159e-19 -0.001 1.8369096e-19 0
        -3.6738193e-19 -3.6738193e-19 0.001 0
        -3.0281453e-15 -3.0281453e-15 8.2425003 1

    }
    IgSoRotSolid {
      fields [ SFFloat phiStart, SFFloat phiDelta, MFVec2f polygon, SFInt32 divisions, SFBool smooth, SFBool showLines, SFNode callbackList, SFNode hints, SFNode faces, SFNode lines, SFNode separator ]
      phiStart 1.3089969
      phiDelta 0.52359879
      polygon [ 1135 -267.5,
          1135 267.5,
          935 267.5,
          935 -267.5 ]
      divisions -1
      smooth TRUE

    }
  }
  Separator {

    MatrixTransform {
      matrix -0.00086602545 -0.00050000002 2.5092651e-19 0
        0.00050000002 -0.00086602545 6.723556e-20 0
        -3.6738193e-19 -3.6738193e-19 0.001 0
        -3.0281453e-15 -3.0281453e-15 8.2425003 1

    }
    IgSoRotSolid {
      fields [ SFFloat phiStart, SFFloat phiDelta, MFVec2f polygon, SFInt32 divisions, SFBool smooth, SFBool showLines, SFNode callbackList, SFNode hints, SFNode faces, SFNode lines, SFNode separator ]
      phiStart 1.3089969
      phiDelta 0.52359879
      polygon [ 1135 -267.5,
          1135 267.5,
          935 267.5,
          935 -267.5 ]
      divisions -1
      smooth TRUE

    }
  }
  Separator {

    MatrixTransform {
      matrix -0.00050000002 -0.00086602545 2.5092651e-19 0
        0.00086602545 -0.00050000002 -6.723556e-20 0
        -3.6738193e-19 -3.6738193e-19 0.001 0
        -3.0281453e-15 -3.0281453e-15 8.2425003 1

    }
    IgSoRotSolid {
      fields [ SFFloat phiStart, SFFloat phiDelta, MFVec2f polygon, SFInt32 divisions, SFBool smooth, SFBool showLines, SFNode callbackList, SFNode hints, SFNode faces, SFNode lines, SFNode separator ]
      phiStart 1.3089969
      phiDelta 0.52359879
      polygon [ 1135 -267.5,
          1135 267.5,
          935 267.5,
          935 -267.5 ]
      divisions -1
      smooth TRUE

    }
  }
}
DEF YE12_refl Switch {
  whichChild -3

  Separator {

    MatrixTransform {
      matrix 1.2246064e-19 -0.001 6.1230319e-20 0
        0.001 -1.8369096e-19 -6.1230319e-20 0
        -3.6738193e-19 -2.4492128e-19 0.001 0
        3.0281453e-15 2.0187635e-15 -8.2425003 1

    }
    Separator {

      FaceSet {
        vertexProperty 
        VertexProperty {
          vertex [ 293.75961 1096.3258 -267.5,
              6.9496411e-14 1135 -267.5,
              6.9496411e-14 1135 267.5,
              293.75961 1096.3258 267.5,
              6.9496411e-14 1135 -267.5,
              -293.75961 1096.3258 -267.5,
              -293.75961 1096.3258 267.5,
              6.9496411e-14 1135 267.5,
              241.9958 903.14062 267.5,
              5.7250347e-14 935 267.5,
              5.7250347e-14 935 -267.5,
              241.9958 903.14062 -267.5,
              5.7250347e-14 935 267.5,
              -241.9958 903.14062 267.5,
              -241.9958 903.14062 -267.5,
              5.7250347e-14 935 -267.5,
              241.9958 903.14062 -267.5,
              5.7250347e-14 935 -267.5,
              6.9496411e-14 1135 -267.5,
              293.75961 1096.3258 -267.5,
              5.7250347e-14 935 -267.5,
              -241.9958 903.14062 -267.5,
              -293.75961 1096.3258 -267.5,
              6.9496411e-14 1135 -267.5,
              293.75961 1096.3258 267.5,
              6.9496411e-14 1135 267.5,
              5.7250347e-14 935 267.5,
              241.9958 903.14062 267.5,
              6.9496411e-14 1135 267.5,
              -293.75961 1096.3258 267.5,
              -241.9958 903.14062 267.5,
              5.7250347e-14 935 267.5,
              293.75961 1096.3258 -267.5,
              293.75961 1096.3258 267.5,
              241.9958 903.14062 267.5,
              241.9958 903.14062 -267.5,
              -293.75961 1096.3258 267.5,
              -293.75961 1096.3258 -267.5,
              -241.9958 903.14062 -267.5,
              -241.9958 903.14062 267.5 ]
          normal [ 0.13052619 0.99144489 0,
              -0.13052619 0.99144489 0,
              -0.13052619 -0.99144489 0,
              0.13052619 -0.99144489 0,
              0 0 -1,
              0 0 -1,
              0 0 1,
              0 0 1,
              0.96592581 -0.25881904 0,
              -0.96592581 -0.25881904 0 ]
          orderedRGBA [  ]
          normalBinding PER_FACE

        }
        numVertices [ 4, 4, 4, 4, 4, 4, 4, 4,
            4, 4 ]

      }
    }
  }
  Separator {

    MatrixTransform {
      matrix 0.00050000002 -0.00086602545 2.2411853e-20 0
        0.00086602545 0.00050000002 -8.3642171e-20 0
        -3.6738193e-19 -2.4492128e-19 0.001 0
        3.0281453e-15 2.0187635e-15 -8.2425003 1

    }
    Separator {

      FaceSet {
        vertexProperty 
        VertexProperty {
          vertex [ 293.75961 1096.3258 -267.5,
              6.9496411e-14 1135 -267.5,
              6.9496411e-14 1135 267.5,
              293.75961 1096.3258 267.5,
              6.9496411e-14 1135 -267.5,
              -293.75961 1096.3258 -267.5,
              -293.75961 1096.3258 267.5,
              6.9496411e-14 1135 267.5,
              241.9958 903.14062 267.5,
              5.7250347e-14 935 267.5,
              5.7250347e-14 935 -267.5,
              241.9958 903.14062 -267.5,
              5.7250347e-14 935 267.5,
              -241.9958 903.14062 267.5,
              -241.9958 903.14062 -267.5,
              5.7250347e-14 935 -267.5,
              241.9958 903.14062 -267.5,
              5.7250347e-14 935 -267.5,
              6.9496411e-14 1135 -267.5,
              293.75961 1096.3258 -267.5,
              5.7250347e-14 935 -267.5,
              -241.9958 903.14062 -267.5,
              -293.75961 1096.3258 -267.5,
              6.9496411e-14 1135 -267.5,
              293.75961 1096.3258 267.5,
              6.9496411e-14 1135 267.5,
              5.7250347e-14 935 267.5,
              241.9958 903.14062 267.5,
              6.9496411e-14 1135 267.5,
              -293.75961 1096.3258 267.5,
              -241.9958 903.14062 267.5,
              5.7250347e-14 935 267.5,
              293.75961 1096.3258 -267.5,
              293.75961 1096.3258 267.5,
              241.9958 903.14062 267.5,
              241.9958 903.14062 -267.5,
              -293.75961 1096.3258 267.5,
              -293.75961 1096.3258 -267.5,
              -241.9958 903.14062 -267.5,
              -241.9958 903.14062 267.5 ]
          normal [ 0.13052619 0.99144489 0,
              -0.13052619 0.99144489 0,
              -0.13052619 -0.99144489 0,
              0.13052619 -0.99144489 0,
              0 0 -1,
              0 0 -1,
              0 0 1,
              0 0 1,
              0.96592581 -0.25881904 0,
              -0.96592581 -0.25881904 0 ]
          orderedRGBA [  ]
          normalBinding PER_FACE

        }
        numVertices [ 4, 4, 4, 4, 4, 4, 4, 4,
            4, 4 ]

      }
    }
  }
  Separator {

    MatrixTransform {
      matrix 0.00086602545 -0.00050000002 -2.2411853e-20 0
        0.00050000002 0.00086602545 -8.3642171e-20 0
        -3.6738193e-19 -2.4492128e-19 0.001 0
        3.0281453e-15 2.0187635e-15 -8.2425003 1

    }
    Separator {

      FaceSet {
        vertexProperty 
        VertexProperty {
          vertex [ 293.75961 1096.3258 -267.5,
              6.9496411e-14 1135 -267.5,
              6.9496411e-14 1135 267.5,
              293.75961 1096.3258 267.5,
              6.9496411e-14 1135 -267.5,
              -293.75961 1096.3258 -267.5,
              -293.75961 1096.3258 267.5,
              6.9496411e-14 1135 267.5,
              241.9958 903.14062 267.5,
              5.7250347e-14 935 267.5,
              5.7250347e-14 935 -267.5,
              241.9958 903.14062 -267.5,
              5.7250347e-14 935 267.5,
              -241.9958 903.14062 267.5,
              -241.9958 903.14062 -267.5,
              5.7250347e-14 935 -267.5,
              241.9958 903.14062 -267.5,
              5.7250347e-14 935 -267.5,
              6.9496411e-14 1135 -267.5,
              293.75961 1096.3258 -267.5,
              5.7250347e-14 935 -267.5,
              -241.9958 903.14062 -267.5,
              -293.75961 1096.3258 -267.5,
              6.9496411e-14 1135 -267.5,
              293.75961 1096.3258 267.5,
              6.9496411e-14 1135 267.5,
              5.7250347e-14 935 267.5,
              241.9958 903.14062 267.5,
              6.9496411e-14 1135 267.5,
              -293.75961 1096.3258 267.5,
              -241.9958 903.14062 267.5,
              5.7250347e-14 935 267.5,
              293.75961 1096.3258 -267.5,
              293.75961 1096.3258 267.5,
              241.9958 903.14062 267.5,
              241.9958 903.14062 -267.5,
              -293.75961 1096.3258 267.5,
              -293.75961 1096.3258 -267.5,
              -241.9958 903.14062 -267.5,
              -241.9958 903.14062 267.5 ]
          normal [ 0.13052619 0.99144489 0,
              -0.13052619 0.99144489 0,
              -0.13052619 -0.99144489 0,
              0.13052619 -0.99144489 0,
              0 0 -1,
              0 0 -1,
              0 0 1,
              0 0 1,
              0.96592581 -0.25881904 0,
              -0.96592581 -0.25881904 0 ]
          orderedRGBA [  ]
          normalBinding PER_FACE

        }
        numVertices [ 4, 4, 4, 4, 4, 4, 4, 4,
            4, 4 ]

      }
    }
  }
  Separator {

    MatrixTransform {
      matrix 0.001 -2.4492128e-19 -6.1230319e-20 0
        -6.1230319e-20 0.001 -6.1230319e-20 0
        -3.6738193e-19 -2.4492128e-19 0.001 0
        3.0281453e-15 2.0187635e-15 -8.2425003 1

    }
    Separator {

      FaceSet {
        vertexProperty 
        VertexProperty {
          vertex [ 293.75961 1096.3258 -267.5,
              6.9496411e-14 1135 -267.5,
              6.9496411e-14 1135 267.5,
              293.75961 1096.3258 267.5,
              6.9496411e-14 1135 -267.5,
              -293.75961 1096.3258 -267.5,
              -293.75961 1096.3258 267.5,
              6.9496411e-14 1135 267.5,
              241.9958 903.14062 267.5,
              5.7250347e-14 935 267.5,
              5.7250347e-14 935 -267.5,
              241.9958 903.14062 -267.5,
              5.7250347e-14 935 267.5,
              -241.9958 903.14062 267.5,
              -241.9958 903.14062 -267.5,
              5.7250347e-14 935 -267.5,
              241.9958 903.14062 -267.5,
              5.7250347e-14 935 -267.5,
              6.9496411e-14 1135 -267.5,
              293.75961 1096.3258 -267.5,
              5.7250347e-14 935 -267.5,
              -241.9958 903.14062 -267.5,
              -293.75961 1096.3258 -267.5,
              6.9496411e-14 1135 -267.5,
              293.75961 1096.3258 267.5,
              6.9496411e-14 1135 267.5,
              5.7250347e-14 935 267.5,
              241.9958 903.14062 267.5,
              6.9496411e-14 1135 267.5,
              -293.75961 1096.3258 267.5,
              -241.9958 903.14062 267.5,
              5.7250347e-14 935 267.5,
              293.75961 1096.3258 -267.5,
              293.75961 1096.3258 267.5,
              241.9958 903.14062 267.5,
              241.9958 903.14062 -267.5,
              -293.75961 1096.3258 267.5,
              -293.75961 1096.3258 -267.5,
              -241.9958 903.14062 -267.5,
              -241.9958 903.14062 267.5 ]
          normal [ 0.13052619 0.99144489 0,
              -0.13052619 0.99144489 0,
              -0.13052619 -0.99144489 0,
              0.13052619 -0.99144489 0,
              0 0 -1,
              0 0 -1,
              0 0 1,
              0 0 1,
              0.96592581 -0.25881904 0,
              -0.96592581 -0.25881904 0 ]
          orderedRGBA [  ]
          normalBinding PER_FACE

        }
        numVertices [ 4, 4, 4, 4, 4, 4, 4, 4,
            4, 4 ]

      }
    }
  }
  Separator {

    MatrixTransform {
      matrix 0.00086602545 0.00050000002 -8.3642171e-20 0
        -0.00050000002 0.00086602545 -2.2411853e-20 0
        -3.6738193e-19 -2.4492128e-19 0.001 0
        3.0281453e-15 2.0187635e-15 -8.2425003 1

    }
    Separator {

      FaceSet {
        vertexProperty 
        VertexProperty {
          vertex [ 293.75961 1096.3258 -267.5,
              6.9496411e-14 1135 -267.5,
              6.9496411e-14 1135 267.5,
              293.75961 1096.3258 267.5,
              6.9496411e-14 1135 -267.5,
              -293.75961 1096.3258 -267.5,
              -293.75961 1096.3258 267.5,
              6.9496411e-14 1135 267.5,
              241.9958 903.14062 267.5,
              5.7250347e-14 935 267.5,
              5.7250347e-14 935 -267.5,
              241.9958 903.14062 -267.5,
              5.7250347e-14 935 267.5,
              -241.9958 903.14062 267.5,
              -241.9958 903.14062 -267.5,
              5.7250347e-14 935 -267.5,
              241.9958 903.14062 -267.5,
              5.7250347e-14 935 -267.5,
              6.9496411e-14 1135 -267.5,
              293.75961 1096.3258 -267.5,
              5.7250347e-14 935 -267.5,
              -241.9958 903.14062 -267.5,
              -293.75961 1096.3258 -267.5,
              6.9496411e-14 1135 -267.5,
              293.75961 1096.3258 267.5,
              6.9496411e-14 1135 267.5,
              5.7250347e-14 935 267.5,
              241.9958 903.14062 267.5,
              6.9496411e-14 1135 267.5,
              -293.75961 1096.3258 267.5,
              -241.9958 903.14062 267.5,
              5.7250347e-14 935 267.5,
              293.75961 1096.3258 -267.5,
              293.75961 1096.3258 267.5,
              241.9958 903.14062 267.5,
              241.9958 903.14062 -267.5,
              -293.75961 1096.3258 267.5,
              -293.75961 1096.3258 -267.5,
              -241.9958 903.14062 -267.5,
              -241.9958 903.14062 267.5 ]
          normal [ 0.13052619 0.99144489 0,
              -0.13052619 0.99144489 0,
              -0.13052619 -0.99144489 0,
              0.13052619 -0.99144489 0,
              0 0 -1,
              0 0 -1,
              0 0 1,
              0 0 1,
              0.96592581 -0.25881904 0,
              -0.96592581 -0.25881904 0 ]
          orderedRGBA [  ]
          normalBinding PER_FACE

        }
        numVertices [ 4, 4, 4, 4, 4, 4, 4, 4,
            4, 4 ]

      }
    }
  }
  Separator {

    MatrixTransform {
      matrix 0.00050000002 0.00086602545 -8.3642171e-20 0
        -0.00086602545 0.00050000002 2.2411853e-20 0
        -3.6738193e-19 -2.4492128e-19 0.001 0
        3.0281453e-15 2.0187635e-15 -8.2425003 1

    }
    Separator {

      FaceSet {
        vertexProperty 
        VertexProperty {
          vertex [ 293.75961 1096.3258 -267.5,
              6.9496411e-14 1135 -267.5,
              6.9496411e-14 1135 267.5,
              293.75961 1096.3258 267.5,
              6.9496411e-14 1135 -267.5,
              -293.75961 1096.3258 -267.5,
              -293.75961 1096.3258 267.5,
              6.9496411e-14 1135 267.5,
              241.9958 903.14062 267.5,
              5.7250347e-14 935 267.5,
              5.7250347e-14 935 -267.5,
              241.9958 903.14062 -267.5,
              5.7250347e-14 935 267.5,
              -241.9958 903.14062 267.5,
              -241.9958 903.14062 -267.5,
              5.7250347e-14 935 -267.5,
              241.9958 903.14062 -267.5,
              5.7250347e-14 935 -267.5,
              6.9496411e-14 1135 -267.5,
              293.75961 1096.3258 -267.5,
              5.7250347e-14 935 -267.5,
              -241.9958 903.14062 -267.5,
              -293.75961 1096.3258 -267.5,
              6.9496411e-14 1135 -267.5,
              293.75961 1096.3258 267.5,
              6.9496411e-14 1135 267.5,
              5.7250347e-14 935 267.5,
              241.9958 903.14062 267.5,
              6.9496411e-14 1135 267.5,
              -293.75961 1096.3258 267.5,
              -241.9958 903.14062 267.5,
              5.7250347e-14 935 267.5,
              293.75961 1096.3258 -267.5,
              293.75961 1096.3258 267.5,
              241.9958 903.14062 267.5,
              241.9958 903.14062 -267.5,
              -293.75961 1096.3258 267.5,
              -293.75961 1096.3258 -267.5,
              -241.9958 903.14062 -267.5,
              -241.9958 903.14062 267.5 ]
          normal [ 0.13052619 0.99144489 0,
              -0.13052619 0.99144489 0,
              -0.13052619 -0.99144489 0,
              0.13052619 -0.99144489 0,
              0 0 -1,
              0 0 -1,
              0 0 1,
              0 0 1,
              0.96592581 -0.25881904 0,
              -0.96592581 -0.25881904 0 ]
          orderedRGBA [  ]
          normalBinding PER_FACE

        }
        numVertices [ 4, 4, 4, 4, 4, 4, 4, 4,
            4, 4 ]

      }
    }
  }
  Separator {

    MatrixTransform {
      matrix -1.2325952e-35 0.001 -6.1230319e-20 0
        -0.001 3.0615159e-19 6.1230319e-20 0
        -3.6738193e-19 -2.4492128e-19 0.001 0
        3.0281453e-15 2.0187635e-15 -8.2425003 1

    }
    Separator {

      FaceSet {
        vertexProperty 
        VertexProperty {
          vertex [ 293.75961 1096.3258 -267.5,
              6.9496411e-14 1135 -267.5,
              6.9496411e-14 1135 267.5,
              293.75961 1096.3258 267.5,
              6.9496411e-14 1135 -267.5,
              -293.75961 1096.3258 -267.5,
              -293.75961 1096.3258 267.5,
              6.9496411e-14 1135 267.5,
              241.9958 903.14062 267.5,
              5.7250347e-14 935 267.5,
              5.7250347e-14 935 -267.5,
              241.9958 903.14062 -267.5,
              5.7250347e-14 935 267.5,
              -241.9958 903.14062 267.5,
              -241.9958 903.14062 -267.5,
              5.7250347e-14 935 -267.5,
              241.9958 903.14062 -267.5,
              5.7250347e-14 935 -267.5,
              6.9496411e-14 1135 -267.5,
              293.75961 1096.3258 -267.5,
              5.7250347e-14 935 -267.5,
              -241.9958 903.14062 -267.5,
              -293.75961 1096.3258 -267.5,
              6.9496411e-14 1135 -267.5,
              293.75961 1096.3258 267.5,
              6.9496411e-14 1135 267.5,
              5.7250347e-14 935 267.5,
              241.9958 903.14062 267.5,
              6.9496411e-14 1135 267.5,
              -293.75961 1096.3258 267.5,
              -241.9958 903.14062 267.5,
              5.7250347e-14 935 267.5,
              293.75961 1096.3258 -267.5,
              293.75961 1096.3258 267.5,
              241.9958 903.14062 267.5,
              241.9958 903.14062 -267.5,
              -293.75961 1096.3258 267.5,
              -293.75961 1096.3258 -267.5,
              -241.9958 903.14062 -267.5,
              -241.9958 903.14062 267.5 ]
          normal [ 0.13052619 0.99144489 0,
              -0.13052619 0.99144489 0,
              -0.13052619 -0.99144489 0,
              0.13052619 -0.99144489 0,
              0 0 -1,
              0 0 -1,
              0 0 1,
              0 0 1,
              0.96592581 -0.25881904 0,
              -0.96592581 -0.25881904 0 ]
          orderedRGBA [  ]
          normalBinding PER_FACE

        }
        numVertices [ 4, 4, 4, 4, 4, 4, 4, 4,
            4, 4 ]

      }
    }
  }
  Separator {

    MatrixTransform {
      matrix -0.00050000002 0.00086602545 -2.2411853e-20 0
        -0.00086602545 -0.00050000002 8.3642171e-20 0
        -3.6738193e-19 -2.4492128e-19 0.001 0
        3.0281453e-15 2.0187635e-15 -8.2425003 1

    }
    Separator {

      FaceSet {
        vertexProperty 
        VertexProperty {
          vertex [ 293.75961 1096.3258 -267.5,
              6.9496411e-14 1135 -267.5,
              6.9496411e-14 1135 267.5,
              293.75961 1096.3258 267.5,
              6.9496411e-14 1135 -267.5,
              -293.75961 1096.3258 -267.5,
              -293.75961 1096.3258 267.5,
              6.9496411e-14 1135 267.5,
              241.9958 903.14062 267.5,
              5.7250347e-14 935 267.5,
              5.7250347e-14 935 -267.5,
              241.9958 903.14062 -267.5,
              5.7250347e-14 935 267.5,
              -241.9958 903.14062 267.5,
              -241.9958 903.14062 -267.5,
              5.7250347e-14 935 -267.5,
              241.9958 903.14062 -267.5,
              5.7250347e-14 935 -267.5,
              6.9496411e-14 1135 -267.5,
              293.75961 1096.3258 -267.5,
              5.7250347e-14 935 -267.5,
              -241.9958 903.14062 -267.5,
              -293.75961 1096.3258 -267.5,
              6.9496411e-14 1135 -267.5,
              293.75961 1096.3258 267.5,
              6.9496411e-14 1135 267.5,
              5.7250347e-14 935 267.5,
              241.9958 903.14062 267.5,
              6.9496411e-14 1135 267.5,
              -293.75961 1096.3258 267.5,
              -241.9958 903.14062 267.5,
              5.7250347e-14 935 267.5,
              293.75961 1096.3258 -267.5,
              293.75961 1096.3258 267.5,
              241.9958 903.14062 267.5,
              241.9958 903.14062 -267.5,
              -293.75961 1096.3258 267.5,
              -293.75961 1096.3258 -267.5,
              -241.9958 903.14062 -267.5,
              -241.9958 903.14062 267.5 ]
          normal [ 0.13052619 0.99144489 0,
              -0.13052619 0.99144489 0,
              -0.13052619 -0.99144489 0,
              0.13052619 -0.99144489 0,
              0 0 -1,
              0 0 -1,
              0 0 1,
              0 0 1,
              0.96592581 -0.25881904 0,
              -0.96592581 -0.25881904 0 ]
          orderedRGBA [  ]
          normalBinding PER_FACE

        }
        numVertices [ 4, 4, 4, 4, 4, 4, 4, 4,
            4, 4 ]

      }
    }
  }
  Separator {

    MatrixTransform {
      matrix -0.00086602545 0.00050000002 2.2411853e-20 0
        -0.00050000002 -0.00086602545 8.3642171e-20 0
        -3.6738193e-19 -2.4492128e-19 0.001 0
        3.0281453e-15 2.0187635e-15 -8.2425003 1

    }
    Separator {

      FaceSet {
        vertexProperty 
        VertexProperty {
          vertex [ 293.75961 1096.3258 -267.5,
              6.9496411e-14 1135 -267.5,
              6.9496411e-14 1135 267.5,
              293.75961 1096.3258 267.5,
              6.9496411e-14 1135 -267.5,
              -293.75961 1096.3258 -267.5,
              -293.75961 1096.3258 267.5,
              6.9496411e-14 1135 267.5,
              241.9958 903.14062 267.5,
              5.7250347e-14 935 267.5,
              5.7250347e-14 935 -267.5,
              241.9958 903.14062 -267.5,
              5.7250347e-14 935 267.5,
              -241.9958 903.14062 267.5,
              -241.9958 903.14062 -267.5,
              5.7250347e-14 935 -267.5,
              241.9958 903.14062 -267.5,
              5.7250347e-14 935 -267.5,
              6.9496411e-14 1135 -267.5,
              293.75961 1096.3258 -267.5,
              5.7250347e-14 935 -267.5,
              -241.9958 903.14062 -267.5,
              -293.75961 1096.3258 -267.5,
              6.9496411e-14 1135 -267.5,
              293.75961 1096.3258 267.5,
              6.9496411e-14 1135 267.5,
              5.7250347e-14 935 267.5,
              241.9958 903.14062 267.5,
              6.9496411e-14 1135 267.5,
              -293.75961 1096.3258 267.5,
              -241.9958 903.14062 267.5,
              5.7250347e-14 935 267.5,
              293.75961 1096.3258 -267.5,
              293.75961 1096.3258 267.5,
              241.9958 903.14062 267.5,
              241.9958 903.14062 -267.5,
              -293.75961 1096.3258 267.5,
              -293.75961 1096.3258 -267.5,
              -241.9958 903.14062 -267.5,
              -241.9958 903.14062 267.5 ]
          normal [ 0.13052619 0.99144489 0,
              -0.13052619 0.99144489 0,
              -0.13052619 -0.99144489 0,
              0.13052619 -0.99144489 0,
              0 0 -1,
              0 0 -1,
              0 0 1,
              0 0 1,
              0.96592581 -0.25881904 0,
              -0.96592581 -0.25881904 0 ]
          orderedRGBA [  ]
          normalBinding PER_FACE

        }
        numVertices [ 4, 4, 4, 4, 4, 4, 4, 4,
            4, 4 ]

      }
    }
  }
  Separator {

    MatrixTransform {
      matrix -0.001 1.2246064e-19 6.1230319e-20 0
        1.8369096e-19 -0.001 6.1230319e-20 0
        -3.6738193e-19 -2.4492128e-19 0.001 0
        3.0281453e-15 2.0187635e-15 -8.2425003 1

    }
    Separator {

      FaceSet {
        vertexProperty 
        VertexProperty {
          vertex [ 293.75961 1096.3258 -267.5,
              6.9496411e-14 1135 -267.5,
              6.9496411e-14 1135 267.5,
              293.75961 1096.3258 267.5,
              6.9496411e-14 1135 -267.5,
              -293.75961 1096.3258 -267.5,
              -293.75961 1096.3258 267.5,
              6.9496411e-14 1135 267.5,
              241.9958 903.14062 267.5,
              5.7250347e-14 935 267.5,
              5.7250347e-14 935 -267.5,
              241.9958 903.14062 -267.5,
              5.7250347e-14 935 267.5,
              -241.9958 903.14062 267.5,
              -241.9958 903.14062 -267.5,
              5.7250347e-14 935 -267.5,
              241.9958 903.14062 -267.5,
              5.7250347e-14 935 -267.5,
              6.9496411e-14 1135 -267.5,
              293.75961 1096.3258 -267.5,
              5.7250347e-14 935 -267.5,
              -241.9958 903.14062 -267.5,
              -293.75961 1096.3258 -267.5,
              6.9496411e-14 1135 -267.5,
              293.75961 1096.3258 267.5,
              6.9496411e-14 1135 267.5,
              5.7250347e-14 935 267.5,
              241.9958 903.14062 267.5,
              6.9496411e-14 1135 267.5,
              -293.75961 1096.3258 267.5,
              -241.9958 903.14062 267.5,
              5.7250347e-14 935 267.5,
              293.75961 1096.3258 -267.5,
              293.75961 1096.3258 267.5,
              241.9958 903.14062 267.5,
              241.9958 903.14062 -267.5,
              -293.75961 1096.3258 267.5,
              -293.75961 1096.3258 -267.5,
              -241.9958 903.14062 -267.5,
              -241.9958 903.14062 267.5 ]
          normal [ 0.13052619 0.99144489 0,
              -0.13052619 0.99144489 0,
              -0.13052619 -0.99144489 0,
              0.13052619 -0.99144489 0,
              0 0 -1,
              0 0 -1,
              0 0 1,
              0 0 1,
              0.96592581 -0.25881904 0,
              -0.96592581 -0.25881904 0 ]
          orderedRGBA [  ]
          normalBinding PER_FACE

        }
        numVertices [ 4, 4, 4, 4, 4, 4, 4, 4,
            4, 4 ]

      }
    }
  }
  Separator {

    MatrixTransform {
      matrix -0.00086602545 -0.00050000002 8.3642171e-20 0
        0.00050000002 -0.00086602545 2.2411853e-20 0
        -3.6738193e-19 -2.4492128e-19 0.001 0
        3.0281453e-15 2.0187635e-15 -8.2425003 1

    }
    Separator {

      FaceSet {
        vertexProperty 
        VertexProperty {
          vertex [ 293.75961 1096.3258 -267.5,
              6.9496411e-14 1135 -267.5,
              6.9496411e-14 1135 267.5,
              293.75961 1096.3258 267.5,
              6.9496411e-14 1135 -267.5,
              -293.75961 1096.3258 -267.5,
              -293.75961 1096.3258 267.5,
              6.9496411e-14 1135 267.5,
              241.9958 903.14062 267.5,
              5.7250347e-14 935 267.5,
              5.7250347e-14 935 -267.5,
              241.9958 903.14062 -267.5,
              5.7250347e-14 935 267.5,
              -241.9958 903.14062 267.5,
              -241.9958 903.14062 -267.5,
              5.7250347e-14 935 -267.5,
              241.9958 903.14062 -267.5,
              5.7250347e-14 935 -267.5,
              6.9496411e-14 1135 -267.5,
              293.75961 1096.3258 -267.5,
              5.7250347e-14 935 -267.5,
              -241.9958 903.14062 -267.5,
              -293.75961 1096.3258 -267.5,
              6.9496411e-14 1135 -267.5,
              293.75961 1096.3258 267.5,
              6.9496411e-14 1135 267.5,
              5.7250347e-14 935 267.5,
              241.9958 903.14062 267.5,
              6.9496411e-14 1135 267.5,
              -293.75961 1096.3258 267.5,
              -241.9958 903.14062 267.5,
              5.7250347e-14 935 267.5,
              293.75961 1096.3258 -267.5,
              293.75961 1096.3258 267.5,
              241.9958 903.14062 267.5,
              241.9958 903.14062 -267.5,
              -293.75961 1096.3258 267.5,
              -293.75961 1096.3258 -267.5,
              -241.9958 903.14062 -267.5,
              -241.9958 903.14062 267.5 ]
          normal [ 0.13052619 0.99144489 0,
              -0.13052619 0.99144489 0,
              -0.13052619 -0.99144489 0,
              0.13052619 -0.99144489 0,
              0 0 -1,
              0 0 -1,
              0 0 1,
              0 0 1,
              0.96592581 -0.25881904 0,
              -0.96592581 -0.25881904 0 ]
          orderedRGBA [  ]
          normalBinding PER_FACE

        }
        numVertices [ 4, 4, 4, 4, 4, 4, 4, 4,
            4, 4 ]

      }
    }
  }
  Separator {

    MatrixTransform {
      matrix -0.00050000002 -0.00086602545 8.3642171e-20 0
        0.00086602545 -0.00050000002 -2.2411853e-20 0
        -3.6738193e-19 -2.4492128e-19 0.001 0
        3.0281453e-15 2.0187635e-15 -8.2425003 1

    }
    Separator {

      FaceSet {
        vertexProperty 
        VertexProperty {
          vertex [ 293.75961 1096.3258 -267.5,
              6.9496411e-14 1135 -267.5,
              6.9496411e-14 1135 267.5,
              293.75961 1096.3258 267.5,
              6.9496411e-14 1135 -267.5,
              -293.75961 1096.3258 -267.5,
              -293.75961 1096.3258 267.5,
              6.9496411e-14 1135 267.5,
              241.9958 903.14062 267.5,
              5.7250347e-14 935 267.5,
              5.7250347e-14 935 -267.5,
              241.9958 903.14062 -267.5,
              5.7250347e-14 935 267.5,
              -241.9958 903.14062 267.5,
              -241.9958 903.14062 -267.5,
              5.7250347e-14 935 -267.5,
              241.9958 903.14062 -267.5,
              5.7250347e-14 935 -267.5,
              6.9496411e-14 1135 -267.5,
              293.75961 1096.3258 -267.5,
              5.7250347e-14 935 -267.5,
              -241.9958 903.14062 -267.5,
              -293.75961 1096.3258 -267.5,
              6.9496411e-14 1135 -267.5,
              293.75961 1096.3258 267.5,
              6.9496411e-14 1135 267.5,
              5.7250347e-14 935 267.5,
              241.9958 903.14062 267.5,
              6.9496411e-14 1135 267.5,
              -293.75961 1096.3258 267.5,
              -241.9958 903.14062 267.5,
              5.7250347e-14 935 267.5,
              293.75961 1096.3258 -267.5,
              293.75961 1096.3258 267.5,
              241.9958 903.14062 267.5,
              241.9958 903.14062 -267.5,
              -293.75961 1096.3258 267.5,
              -293.75961 1096.3258 -267.5,
              -241.9958 903.14062 -267.5,
              -241.9958 903.14062 267.5 ]
          normal [ 0.13052619 0.99144489 0,
              -0.13052619 0.99144489 0,
              -0.13052619 -0.99144489 0,
              0.13052619 -0.99144489 0,
              0 0 -1,
              0 0 -1,
              0 0 1,
              0 0 1,
              0.96592581 -0.25881904 0,
              -0.96592581 -0.25881904 0 ]
          orderedRGBA [  ]
          normalBinding PER_FACE

        }
        numVertices [ 4, 4, 4, 4, 4, 4, 4, 4,
            4, 4 ]

      }
    }
  }
}
DEF YE1p_a Switch {
  whichChild -3

  Separator {

    MatrixTransform {
      matrix 2.4492128e-19 -0.001 1.8369096e-19 0
        0.001 -3.0615159e-19 -1.8369096e-19 0
        -3.6738193e-19 -3.6738193e-19 0.001 0
        -2.79945e-15 -2.79945e-15 7.6199999 1

    }
    IgSoRotSolid {
      fields [ SFFloat phiStart, SFFloat phiDelta, MFVec2f polygon, SFInt32 divisions, SFBool smooth, SFBool showLines, SFNode callbackList, SFNode hints, SFNode faces, SFNode lines, SFNode separator ]
      phiStart 1.3089969
      phiDelta 0.52359879
      polygon [ 1135 -355,
          1135 355,
          850 355,
          850 -355 ]
      divisions -1
      smooth TRUE

    }
  }
  Separator {

    MatrixTransform {
      matrix 0.00050000002 -0.00086602545 6.723556e-20 0
        0.00086602545 0.00050000002 -2.5092651e-19 0
        -3.6738193e-19 -3.6738193e-19 0.001 0
        -2.79945e-15 -2.79945e-15 7.6199999 1

    }
    IgSoRotSolid {
      fields [ SFFloat phiStart, SFFloat phiDelta, MFVec2f polygon, SFInt32 divisions, SFBool smooth, SFBool showLines, SFNode callbackList, SFNode hints, SFNode faces, SFNode lines, SFNode separator ]
      phiStart 1.3089969
      phiDelta 0.52359879
      polygon [ 1135 -355,
          1135 355,
          850 355,
          850 -355 ]
      divisions -1
      smooth TRUE

    }
  }
  Separator {

    MatrixTransform {
      matrix 0.00086602545 -0.00050000002 -6.723556e-20 0
        0.00050000002 0.00086602545 -2.5092651e-19 0
        -3.6738193e-19 -3.6738193e-19 0.001 0
        -2.79945e-15 -2.79945e-15 7.6199999 1

    }
    IgSoRotSolid {
      fields [ SFFloat phiStart, SFFloat phiDelta, MFVec2f polygon, SFInt32 divisions, SFBool smooth, SFBool showLines, SFNode callbackList, SFNode hints, SFNode faces, SFNode lines, SFNode separator ]
      phiStart 1.3089969
      phiDelta 0.52359879
      polygon [ 1135 -355,
          1135 355,
          850 355,
          850 -355 ]
      divisions -1
      smooth TRUE

    }
  }
