#Inventor V2.1 ascii


Separator {

  Material {
    ambientColor 0.704 0.72100002 0.72100002
    diffuseColor 0.48199999 0.48100001 0.55199999
    specularColor 0.83399999 0.56599998 0.54000002
    emissiveColor 0.5 0.5 1
    shininess 0.236
    transparency 0

  }
  DEF G3FACES Separator {

    Separator {

      DEF +0 MatrixTransform {
        matrix 1 0 -4.3711388e-08 0
          -4.3628269e-08 0.99809849 -0.061639592 0
          -2.6943503e-09 0.061639551 0.99809849 0
          0.076663077 0.38118884 3.3303046 1

      }
      DEF +1 Coordinate3 {
        point [ 0.070316918 0.070316918 -0.1733,
            -0.075663075 0.070316918 -0.1733,
            -0.075663075 -0.075663075 -0.1733,
            0.070316918 -0.075663075 -0.1733,
            0.081009224 0.081009224 0.1733,
            -0.075663067 0.081009224 0.1733,
            -0.075663067 -0.075663067 0.1733,
            0.081009224 -0.075663067 0.1733 ]

      }
      DEF +2 IndexedTriangleStripSet {
        coordIndex [ 0, 4, 3, 7, 2, 6, 1, 5,
            0, 4, -1, 1, 0, 2, 3, -1,
            6, 7, 5, 4, -1 ]

      }
    }
    Separator {

      DEF +3 MatrixTransform {
        matrix 1 0 -4.3711388e-08 0
          -4.3524444e-08 0.99572325 -0.092386208 0
          -4.0383235e-09 0.092386067 0.99572325 0
          0.076663077 0.53429556 3.3320551 1

      }
      DEF +4 Coordinate3 {
        point [ 0.070316918 0.070316918 -0.1733,
            -0.075663075 0.070316918 -0.1733,
            -0.075663075 -0.075663075 -0.1733,
            0.070316918 -0.075663075 -0.1733,
            0.081009224 0.081009224 0.1733,
            -0.075663067 0.081009224 0.1733,
            -0.075663067 -0.075663067 0.1733,
            0.081009224 -0.075663067 0.1733 ]

      }
      USE +2
    }
    Separator {

      DEF +5 MatrixTransform {
        matrix 1 0 -4.3711388e-08 0
          -4.3379231e-08 0.99240112 -0.12304472 0
          -5.3784541e-09 0.12304469 0.99240112 0
          0.076663077 0.68794775 3.3336353 1

      }
      DEF +6 Coordinate3 {
        point [ 0.070316918 0.070316918 -0.1733,
            -0.075663075 0.070316918 -0.1733,
            -0.075663075 -0.075663075 -0.1733,
            0.070316918 -0.075663075 -0.1733,
            0.081009224 0.081009224 0.1733,
            -0.075663067 0.081009224 0.1733,
            -0.075663067 -0.075663067 0.1733,
            0.081009224 -0.075663067 0.1733 ]

      }
      USE +2
    }
    Separator {

      DEF +7 MatrixTransform {
        matrix 1 0 -4.3711388e-08 0
          -4.3192763e-08 0.98813522 -0.15358634 0
          -6.7134716e-09 0.15358633 0.98813522 0
          0.076663077 0.84228539 3.3350434 1

      }
      DEF +8 Coordinate3 {
        point [ 0.070316918 0.070316918 -0.1733,
            -0.075663075 0.070316918 -0.1733,
            -0.075663075 -0.075663075 -0.1733,
            0.070316918 -0.075663075 -0.1733,
            0.081009224 0.081009224 0.1733,
            -0.075663067 0.081009224 0.1733,
            -0.075663067 -0.075663067 0.1733,
            0.081009224 -0.075663067 0.1733 ]

      }
      USE +2
    }
    Separator {

      DEF +9 MatrixTransform {
        matrix 1 0 -4.3711388e-08 0
          -4.2965219e-08 0.98292965 -0.18398191 0
          -8.0421039e-09 0.1839819 0.98292965 0
          0.076663077 0.99745154 3.3362787 1

      }
      DEF +10 Coordinate3 {
        point [ 0.070316918 0.070316918 -0.1733,
            -0.075663075 0.070316918 -0.1733,
            -0.075663075 -0.075663075 -0.1733,
            0.070316918 -0.075663075 -0.1733,
            0.081009224 0.081009224 0.1733,
            -0.075663067 0.081009224 0.1733,
            -0.075663067 -0.075663067 0.1733,
            0.081009224 -0.075663067 0.1733 ]

      }
      USE +2
    }
    Separator {

      DEF +11 MatrixTransform {
        matrix 1 0 -4.3711388e-08 0
          -4.2696815e-08 0.9767893 -0.21420251 0
          -9.3630881e-09 0.21420248 0.9767893 0
          0.076663077 1.1535931 3.3373394 1

      }
      DEF +12 Coordinate3 {
        point [ 0.070316918 0.070316918 -0.1733,
            -0.075663075 0.070316918 -0.1733,
            -0.075663075 -0.075663075 -0.1733,
            0.070316918 -0.075663075 -0.1733,
            0.081009224 0.081009224 0.1733,
            -0.075663067 0.081009224 0.1733,
            -0.075663067 -0.075663067 0.1733,
            0.081009224 -0.075663067 0.1733 ]

      }
      USE +2
    }
    Separator {

      DEF +13 MatrixTransform {
        matrix 1 0 -4.3711388e-08 0
          -4.2387807e-08 0.96972001 -0.24421953 0
          -1.0675168e-08 0.24421938 0.96972001 0
          0.076663077 1.3108617 3.3382251 1

      }
      DEF +14 Coordinate3 {
        point [ 0.070316918 0.070316918 -0.1733,
            -0.075663075 0.070316918 -0.1733,
            -0.075663075 -0.075663075 -0.1733,
            0.070316918 -0.075663075 -0.1733,
            0.081009224 0.081009224 0.1733,
            -0.075663067 0.081009224 0.1733,
            -0.075663067 -0.075663067 0.1733,
            0.081009224 -0.075663067 0.1733 ]

      }
      USE +2
    }
    Separator {

      DEF +15 MatrixTransform {
        matrix 1 0 -4.3711388e-08 0
          -4.2038494e-08 0.96172857 -0.27400407 0
          -1.1977099e-08 0.2740041 0.96172857 0
          0.076663077 1.4694144 3.3389347 1

      }
      DEF +16 Coordinate3 {
        point [ 0.070316918 0.070316918 -0.1733,
            -0.075663075 0.070316918 -0.1733,
            -0.075663075 -0.075663075 -0.1733,
            0.070316918 -0.075663075 -0.1733,
            0.081009224 0.081009224 0.1733,
            -0.075663067 0.081009224 0.1733,
            -0.075663067 -0.075663067 0.1733,
            0.081009224 -0.075663067 0.1733 ]

      }
      USE +2
    }
    Separator {

      DEF +17 MatrixTransform {
        matrix 0.99946588 0 -0.032680459 0
          -0.0010078369 0.99952453 -0.030817918 0
          0.03266488 0.030834442 0.99899065 0
          0.2289906 0.22849002 3.33059 1

      }
      DEF +18 Coordinate3 {
        point [ 0.070316918 0.070316918 -0.1733,
            -0.075663075 0.070316918 -0.1733,
            -0.075663075 -0.075663075 -0.1733,
            0.070316918 -0.075663075 -0.1733,
            0.081009224 0.081009224 0.1733,
            -0.075663067 0.081009224 0.1733,
            -0.075663067 -0.075663067 0.1733,
            0.081009224 -0.075663067 0.1733 ]

      }
      USE +2
    }
    Separator {

      DEF +19 MatrixTransform {
        matrix 0.99946588 0 -0.032680459 0
          -0.0020144221 0.99809849 -0.061606634 0
          0.032618273 0.061639555 0.99756533 0
          0.2290533 0.38118884 3.3325078 1

      }
      DEF +20 Coordinate3 {
        point [ 0.070316918 0.070316918 -0.1733,
            -0.075663075 0.070316918 -0.1733,
            -0.075663075 -0.075663075 -0.1733,
            0.070316918 -0.075663075 -0.1733,
            0.081009224 0.081009224 0.1733,
            -0.075663067 0.081009224 0.1733,
            -0.075663067 -0.075663067 0.1733,
            0.081009224 -0.075663067 0.1733 ]

      }
      USE +2
    }
    Separator {

      DEF +21 MatrixTransform {
        matrix 0.99946588 0 -0.032680459 0
          -0.0030191739 0.99572331 -0.092336714 0
          0.032540645 0.092386059 0.9951914 0
          0.22911052 0.53429556 3.3342576 1

      }
      DEF +22 Coordinate3 {
        point [ 0.070316918 0.070316918 -0.1733,
            -0.075663075 0.070316918 -0.1733,
            -0.075663075 -0.075663075 -0.1733,
            0.070316918 -0.075663075 -0.1733,
            0.081009224 0.081009224 0.1733,
            -0.075663067 0.081009224 0.1733,
            -0.075663067 -0.075663067 0.1733,
            0.081009224 -0.075663067 0.1733 ]

      }
      USE +2
    }
    Separator {

      DEF +23 MatrixTransform {
        matrix 0.99946588 0 -0.032680459 0
          -0.004021199 0.99240112 -0.12297895 0
          0.032432064 0.12304468 0.99187106 0
          0.22916216 0.68794775 3.3358369 1

      }
      DEF +24 Coordinate3 {
        point [ 0.070316918 0.070316918 -0.1733,
            -0.075663075 0.070316918 -0.1733,
            -0.075663075 -0.075663075 -0.1733,
            0.070316918 -0.075663075 -0.1733,
            0.081009224 0.081009224 0.1733,
            -0.075663067 0.081009224 0.1733,
            -0.075663067 -0.075663067 0.1733,
            0.081009224 -0.075663067 0.1733 ]

      }
      USE +2
    }
    Separator {

      DEF +25 MatrixTransform {
        matrix 0.99946588 0 -0.032680459 0
          -0.0050192093 0.98813528 -0.15350424 0
          0.032292645 0.15358631 0.98760742 0
          0.22920819 0.84228539 3.3372443 1

      }
      DEF +26 Coordinate3 {
        point [ 0.070316918 0.070316918 -0.1733,
            -0.075663075 0.070316918 -0.1733,
            -0.075663075 -0.075663075 -0.1733,
            0.070316918 -0.075663075 -0.1733,
            0.081009224 0.081009224 0.1733,
            -0.075663067 0.081009224 0.1733,
            -0.075663067 -0.075663067 0.1733,
            0.081009224 -0.075663067 0.1733 ]

      }
      USE +2
    }
    Separator {

      DEF +27 MatrixTransform {
        matrix 0.99946588 0 -0.032680459 0
          -0.0060125683 0.98292965 -0.18388373 0
          0.032122552 0.18398191 0.98240459 0
          0.22924854 0.99745154 3.3384788 1

      }
      DEF +28 Coordinate3 {
        point [ 0.070316918 0.070316918 -0.1733,
            -0.075663075 0.070316918 -0.1733,
            -0.075663075 -0.075663075 -0.1733,
            0.070316918 -0.075663075 -0.1733,
            0.081009224 0.081009224 0.1733,
            -0.075663067 0.081009224 0.1733,
            -0.075663067 -0.075663067 0.1733,
            0.081009224 -0.075663067 0.1733 ]

      }
      USE +2
    }
    Separator {

      DEF +29 MatrixTransform {
        matrix 0.99946588 0 -0.032680459 0
          -0.0070002112 0.9767893 -0.21408804 0
          0.031921875 0.21420249 0.97626752 0
          0.22928321 1.1535931 3.3395393 1

      }
      DEF +30 Coordinate3 {
        point [ 0.070316918 0.070316918 -0.1733,
            -0.075663075 0.070316918 -0.1733,
            -0.075663075 -0.075663075 -0.1733,
            0.070316918 -0.075663075 -0.1733,
            0.081009224 0.081009224 0.1733,
            -0.075663067 0.081009224 0.1733,
            -0.075663067 -0.075663067 0.1733,
            0.081009224 -0.075663067 0.1733 ]

      }
      USE +2
    }
    Separator {

      DEF +31 MatrixTransform {
        matrix 0.99946588 0 -0.032680459 0
          -0.0079812212 0.96972001 -0.24408889 0
          0.031690858 0.24421938 0.96920204 0
          0.22931215 1.3108617 3.3404243 1

      }
      DEF +32 Coordinate3 {
        point [ 0.070316918 0.070316918 -0.1733,
            -0.075663075 0.070316918 -0.1733,
            -0.075663075 -0.075663075 -0.1733,
            0.070316918 -0.075663075 -0.1733,
            0.081009224 0.081009224 0.1733,
            -0.075663067 0.081009224 0.1733,
            -0.075663067 -0.075663067 0.1733,
            0.081009224 -0.075663067 0.1733 ]

      }
      USE +2
    }
    Separator {

      DEF +33 MatrixTransform {
        matrix 0.99946588 0 -0.032680459 0
          -0.0089545734 0.96172857 -0.27385762 0
          0.031429682 0.27400407 0.96121484 0
          0.22933535 1.4694144 3.3411334 1

      }
      DEF +34 Coordinate3 {
        point [ 0.070316918 0.070316918 -0.1733,
            -0.075663075 0.070316918 -0.1733,
            -0.075663075 -0.075663075 -0.1733,
            0.070316918 -0.075663075 -0.1733,
            0.081009224 0.081009224 0.1733,
            -0.075663067 0.081009224 0.1733,
            -0.075663067 -0.075663067 0.1733,
            0.081009224 -0.075663067 0.1733 ]

      }
      USE +2
    }
    Separator {

      DEF +35 MatrixTransform {
        matrix 0.99786401 0 -0.065325961 0
          -4.3711388e-08 1 -4.3711388e-08 0
          0.065325916 0 0.99786401 0
          0.38148609 0.076063067 3.3305235 1

      }
      DEF +36 Coordinate3 {
        point [ 0.070316918 0.070316918 -0.1733,
            -0.075663075 0.070316918 -0.1733,
            -0.075663075 -0.075663075 -0.1733,
            0.070316918 -0.075663075 -0.1733,
            0.081009224 0.081009224 0.1733,
            -0.075663067 0.081009224 0.1733,
            -0.075663067 -0.075663067 0.1733,
            0.081009224 -0.075663067 0.1733 ]

      }
      USE +2
    }
    Separator {

      DEF +37 MatrixTransform {
        matrix 0.99786401 0 -0.065325961 0
          -0.0020144405 0.99952453 -0.030768588 0
          0.065294854 0.030834438 0.9973895 0
          0.38162234 0.22849002 3.3326046 1

      }
      DEF +38 Coordinate3 {
        point [ 0.070316918 0.070316918 -0.1733,
            -0.075663075 0.070316918 -0.1733,
            -0.075663075 -0.075663075 -0.1733,
            0.070316918 -0.075663075 -0.1733,
            0.081009224 0.081009224 0.1733,
            -0.075663067 0.081009224 0.1733,
            -0.075663067 -0.075663067 0.1733,
            0.081009224 -0.075663067 0.1733 ]

      }
      USE +2
    }
    Separator {

      DEF +39 MatrixTransform {
        matrix 0.99786401 0 -0.065325961 0
          -0.0040266751 0.99809849 -0.061507881 0
          0.065201707 0.061639559 0.99596655 0
          0.38174769 0.38118884 3.3345196 1

      }
      DEF +40 Coordinate3 {
        point [ 0.070316918 0.070316918 -0.1733,
            -0.075663075 0.070316918 -0.1733,
            -0.075663075 -0.075663075 -0.1733,
            0.070316918 -0.075663075 -0.1733,
            0.081009224 0.081009224 0.1733,
            -0.075663067 0.081009224 0.1733,
            -0.075663067 -0.075663067 0.1733,
            0.081009224 -0.075663067 0.1733 ]

      }
      USE +2
    }
    Separator {

      DEF +41 MatrixTransform {
        matrix 0.99786401 0 -0.065325961 0
          -0.0060351547 0.99572331 -0.092188694 0
          0.065046541 0.092386067 0.99359637 0
          0.38186204 0.53429556 3.3362663 1

      }
      DEF +42 Coordinate3 {
        point [ 0.070316918 0.070316918 -0.1733,
            -0.075663075 0.070316918 -0.1733,
            -0.075663075 -0.075663075 -0.1733,
            0.070316918 -0.075663075 -0.1733,
            0.081009224 0.081009224 0.1733,
            -0.075663067 0.081009224 0.1733,
            -0.075663067 -0.075663067 0.1733,
            0.081009224 -0.075663067 0.1733 ]

      }
      USE +2
    }
    Separator {

      DEF +43 MatrixTransform {
        matrix 0.99786401 0 -0.065325961 0
          -0.0080379909 0.99240112 -0.12278185 0
          0.064829521 0.12304468 0.99028134 0
          0.38196525 0.68794775 3.3378429 1

      }
      DEF +44 Coordinate3 {
        point [ 0.070316918 0.070316918 -0.1733,
            -0.075663075 0.070316918 -0.1733,
            -0.075663075 -0.075663075 -0.1733,
            0.070316918 -0.075663075 -0.1733,
            0.081009224 0.081009224 0.1733,
            -0.075663067 0.081009224 0.1733,
            -0.075663067 -0.075663067 0.1733,
            0.081009224 -0.075663067 0.1733 ]

      }
      USE +2
    }
    Separator {

      DEF +45 MatrixTransform {
        matrix 0.99786401 0 -0.065325961 0
          -0.010033215 0.98813522 -0.15325828 0
          0.064550854 0.15358633 0.98602456 0
          0.38205728 0.84228539 3.3392479 1

      }
      DEF +46 Coordinate3 {
        point [ 0.070316918 0.070316918 -0.1733,
            -0.075663075 0.070316918 -0.1733,
            -0.075663075 -0.075663075 -0.1733,
            0.070316918 -0.075663075 -0.1733,
            0.081009224 0.081009224 0.1733,
            -0.075663067 0.081009224 0.1733,
            -0.075663067 -0.075663067 0.1733,
            0.081009224 -0.075663067 0.1733 ]

      }
      USE +2
    }
    Separator {

      DEF +47 MatrixTransform {
        matrix 0.99786401 0 -0.065325961 0
          -0.012018746 0.98292965 -0.18358889 0
          0.064210787 0.1839819 0.98083007 0
          0.38213795 0.99745154 3.3404806 1

      }
      DEF +48 Coordinate3 {
        point [ 0.070316918 0.070316918 -0.1733,
            -0.075663075 0.070316918 -0.1733,
            -0.075663075 -0.075663075 -0.1733,
            0.070316918 -0.075663075 -0.1733,
            0.081009224 0.081009224 0.1733,
            -0.075663067 0.081009224 0.1733,
            -0.075663067 -0.075663067 0.1733,
            0.081009224 -0.075663067 0.1733 ]

      }
      USE +2
    }
    Separator {

      DEF +49 MatrixTransform {
        matrix 0.99786401 0 -0.065325961 0
          -0.013992946 0.9767893 -0.21374498 0
          0.063809663 0.21420249 0.97470284 0
          0.38220727 1.1535931 3.3415394 1

      }
      DEF +50 Coordinate3 {
        point [ 0.070316918 0.070316918 -0.1733,
            -0.075663075 0.070316918 -0.1733,
            -0.075663075 -0.075663075 -0.1733,
            0.070316918 -0.075663075 -0.1733,
            0.081009224 0.081009224 0.1733,
            -0.075663067 0.081009224 0.1733,
            -0.075663067 -0.075663067 0.1733,
            0.081009224 -0.075663067 0.1733 ]

      }
      USE +2
    }
    Separator {

      DEF +51 MatrixTransform {
        matrix 0.99786401 0 -0.065325961 0
          -0.015953885 0.96972001 -0.24369779 0
          0.063347831 0.24421938 0.96764868 0
          0.38226512 1.3108617 3.3424232 1

      }
      DEF +52 Coordinate3 {
        point [ 0.070316918 0.070316918 -0.1733,
            -0.075663075 0.070316918 -0.1733,
            -0.075663075 -0.075663075 -0.1733,
            0.070316918 -0.075663075 -0.1733,
            0.081009224 0.081009224 0.1733,
            -0.075663067 0.081009224 0.1733,
            -0.075663067 -0.075663067 0.1733,
            0.081009224 -0.075663067 0.1733 ]

      }
      USE +2
    }
    Separator {

      DEF +53 MatrixTransform {
        matrix 0.99786401 0 -0.065325961 0
          -0.017899647 0.96172851 -0.27341896 0
          0.062825799 0.27400404 0.9596743 0
          0.38231146 1.4694144 3.3431311 1

      }
      DEF +54 Coordinate3 {
        point [ 0.070316918 0.070316918 -0.1733,
            -0.075663075 0.070316918 -0.1733,
            -0.075663075 -0.075663075 -0.1733,
            0.070316918 -0.075663075 -0.1733,
            0.081009224 0.081009224 0.1733,
            -0.075663067 0.081009224 0.1733,
            -0.075663067 -0.075663067 0.1733,
            0.081009224 -0.075663067 0.1733 ]

      }
      USE +2
    }
    Separator {

      DEF +55 MatrixTransform {
        matrix 0.9951961 0 -0.097901672 0
          -4.3711388e-08 1 -4.3711388e-08 0
          0.097901627 0 0.9951961 0
          0.53450614 0.076063067 3.3323517 1

      }
      DEF +56 Coordinate3 {
        point [ 0.070316918 0.070316918 -0.1733,
            -0.075663075 0.070316918 -0.1733,
            -0.075663075 -0.075663075 -0.1733,
            0.070316918 -0.075663075 -0.1733,
            0.081009224 0.081009224 0.1733,
            -0.075663067 0.081009224 0.1733,
            -0.075663067 -0.075663067 0.1733,
            0.081009224 -0.075663067 0.1733 ]

      }
      USE +2
    }
    Separator {

      DEF +57 MatrixTransform {
        matrix 0.9951961 0 -0.097901672 0
          -0.0030189035 0.99952453 -0.030686375 0
          0.097855076 0.03083444 0.9947229 0
          0.53471035 0.22849002 3.3344271 1

      }
      DEF +58 Coordinate3 {
        point [ 0.070316918 0.070316918 -0.1733,
            -0.075663075 0.070316918 -0.1733,
            -0.075663075 -0.075663075 -0.1733,
            0.070316918 -0.075663075 -0.1733,
            0.081009224 0.081009224 0.1733,
            -0.075663067 0.081009224 0.1733,
            -0.075663067 -0.075663067 0.1733,
            0.081009224 -0.075663067 0.1733 ]

      }
      USE +2
    }
    Separator {

      DEF +59 MatrixTransform {
        matrix 0.9951961 0 -0.097901672 0
          -0.0060346774 0.99809849 -0.061343443 0
          0.097715467 0.061639559 0.99330372 0
          0.53489822 0.38118884 3.3363371 1

      }
      DEF +60 Coordinate3 {
        point [ 0.070316918 0.070316918 -0.1733,
            -0.075663075 0.070316918 -0.1733,
            -0.075663075 -0.075663075 -0.1733,
            0.070316918 -0.075663075 -0.1733,
            0.081009224 0.081009224 0.1733,
            -0.075663067 0.081009224 0.1733,
            -0.075663067 -0.075663067 0.1733,
            0.081009224 -0.075663067 0.1733 ]

      }
      USE +2
    }
    Separator {

      DEF +61 MatrixTransform {
        matrix 0.9951961 0 -0.097901672 0
          -0.0090448353 0.99572325 -0.091942258 0
          0.097482927 0.092386059 0.99093992 0
          0.53506958 0.53429556 3.338079 1

      }
      DEF +62 Coordinate3 {
        point [ 0.070316918 0.070316918 -0.1733,
            -0.075663075 0.070316918 -0.1733,
            -0.075663075 -0.075663075 -0.1733,
            0.070316918 -0.075663075 -0.1733,
            0.081009224 0.081009224 0.1733,
            -0.075663067 0.081009224 0.1733,
            -0.075663067 -0.075663067 0.1733,
            0.081009224 -0.075663067 0.1733 ]

      }
      USE +2
    }
    Separator {

      DEF +63 MatrixTransform {
        matrix 0.9951961 0 -0.097901672 0
          -0.012046291 0.99240112 -0.12245366 0
          0.097157702 0.12304469 0.98763376 0
          0.53522426 0.68794775 3.3396516 1

      }
      DEF +64 Coordinate3 {
        point [ 0.070316918 0.070316918 -0.1733,
            -0.075663075 0.070316918 -0.1733,
            -0.075663075 -0.075663075 -0.1733,
            0.070316918 -0.075663075 -0.1733,
            0.081009224 0.081009224 0.1733,
            -0.075663067 0.081009224 0.1733,
            -0.075663067 -0.075663067 0.1733,
            0.081009224 -0.075663067 0.1733 ]

      }
      USE +2
    }
    Separator {

      DEF +65 MatrixTransform {
        matrix 0.9951961 0 -0.097901672 0
          -0.015036309 0.98813522 -0.15284856 0
          0.096740067 0.15358634 0.98338836 0
          0.53536218 0.84228539 3.3410532 1

      }
      DEF +66 Coordinate3 {
        point [ 0.070316918 0.070316918 -0.1733,
            -0.075663075 0.070316918 -0.1733,
            -0.075663075 -0.075663075 -0.1733,
            0.070316918 -0.075663075 -0.1733,
            0.081009224 0.081009224 0.1733,
            -0.075663067 0.081009224 0.1733,
            -0.075663067 -0.075663067 0.1733,
            0.081009224 -0.075663067 0.1733 ]

      }
      USE +2
    }
    Separator {

      DEF +67 MatrixTransform {
        matrix 0.9951961 0 -0.097901672 0
          -0.018012224 0.98292965 -0.18309811 0
          0.096230425 0.18398191 0.97820777 0
          0.53548312 0.99745154 3.3422823 1

      }
      DEF +68 Coordinate3 {
        point [ 0.070316918 0.070316918 -0.1733,
            -0.075663075 0.070316918 -0.1733,
            -0.075663075 -0.075663075 -0.1733,
            0.070316918 -0.075663075 -0.1733,
            0.081009224 0.081009224 0.1733,
            -0.075663067 0.081009224 0.1733,
            -0.075663067 -0.075663067 0.1733,
            0.081009224 -0.075663067 0.1733 ]

      }
      USE +2
    }
    Separator {

      DEF +69 MatrixTransform {
        matrix 0.9951961 0 -0.097901672 0
          -0.020970805 0.9767893 -0.21317351 0
          0.095629275 0.21420248 0.97209692 0
          0.53558695 1.1535931 3.343338 1

      }
      DEF +70 Coordinate3 {
        point [ 0.070316918 0.070316918 -0.1733,
            -0.075663075 0.070316918 -0.1733,
            -0.075663075 -0.075663075 -0.1733,
            0.070316918 -0.075663075 -0.1733,
            0.081009224 0.081009224 0.1733,
            -0.075663067 0.081009224 0.1733,
            -0.075663067 -0.075663067 0.1733,
            0.081009224 -0.075663067 0.1733 ]

      }
      USE +2
    }
    Separator {

      DEF +71 MatrixTransform {
        matrix 0.9951961 0 -0.097901672 0
          -0.023909502 0.96972001 -0.24304634 0
          0.094937176 0.24421939 0.9650616 0
          0.53567362 1.3108617 3.3442194 1

      }
      DEF +72 Coordinate3 {
        point [ 0.070316918 0.070316918 -0.1733,
            -0.075663075 0.070316918 -0.1733,
            -0.075663075 -0.075663075 -0.1733,
            0.070316918 -0.075663075 -0.1733,
            0.081009224 0.081009224 0.1733,
            -0.075663067 0.081009224 0.1733,
            -0.075663067 -0.075663067 0.1733,
            0.081009224 -0.075663067 0.1733 ]

      }
      USE +2
    }
    Separator {

      DEF +73 MatrixTransform {
        matrix 0.99150884 0 -0.13003926 0
          -4.3711388e-08 1 -4.3711388e-08 0
          0.13003926 0 0.99150884 0
          0.68806928 0.076063067 3.3339725 1

      }
      DEF +74 Coordinate3 {
        point [ 0.070316918 0.070316918 -0.1733,
            -0.075663075 0.070316918 -0.1733,
            -0.075663075 -0.075663075 -0.1733,
            0.070316918 -0.075663075 -0.1733,
            0.081009224 0.081009224 0.1733,
            -0.075663067 0.081009224 0.1733,
            -0.075663067 -0.075663067 0.1733,
            0.081009224 -0.075663067 0.1733 ]

      }
      USE +2
    }
    Separator {

      DEF +75 MatrixTransform {
        matrix 0.99150884 0 -0.13003926 0
          -0.0040096701 0.99952453 -0.030572582 0
          0.12997745 0.030834446 0.99103743 0
          0.68834054 0.22849002 3.3360403 1

      }
      DEF +76 Coordinate3 {
        point [ 0.070316918 0.070316918 -0.1733,
            -0.075663075 0.070316918 -0.1733,
            -0.075663075 -0.075663075 -0.1733,
            0.070316918 -0.075663075 -0.1733,
            0.081009224 0.081009224 0.1733,
            -0.075663067 0.081009224 0.1733,
            -0.075663067 -0.075663067 0.1733,
            0.081009224 -0.075663067 0.1733 ]

      }
      USE +2
    }
    Separator {

      DEF +77 MatrixTransform {
        matrix 0.99150884 0 -0.13003926 0
          -0.0080157174 0.99809849 -0.061116178 0
          0.12979199 0.061639555 0.98962349 0
          0.68859011 0.38118884 3.3379431 1

      }
      DEF +78 Coordinate3 {
        point [ 0.070316918 0.070316918 -0.1733,
            -0.075663075 0.070316918 -0.1733,
            -0.075663075 -0.075663075 -0.1733,
            0.070316918 -0.075663075 -0.1733,
            0.081009224 0.081009224 0.1733,
            -0.075663067 0.081009224 0.1733,
            -0.075663067 -0.075663067 0.1733,
            0.081009224 -0.075663067 0.1733 ]

      }
      USE +2
    }
    Separator {

      DEF +79 MatrixTransform {
        matrix 0.99150884 0 -0.13003926 0
          -0.012013962 0.99572331 -0.09160158 0
          0.1294831 0.092386059 0.98726845 0
          0.68881774 0.53429556 3.3396788 1

      }
      DEF +80 Coordinate3 {
        point [ 0.070316918 0.070316918 -0.1733,
            -0.075663075 0.070316918 -0.1733,
            -0.075663075 -0.075663075 -0.1733,
            0.070316918 -0.075663075 -0.1733,
            0.081009224 0.081009224 0.1733,
            -0.075663067 0.081009224 0.1733,
            -0.075663067 -0.075663067 0.1733,
            0.081009224 -0.075663067 0.1733 ]

      }
      USE +2
    }
    Separator {

      DEF +81 MatrixTransform {
        matrix 0.99150884 0 -0.13003926 0
          -0.016000668 0.99240112 -0.12199992 0
          0.12905109 0.12304468 0.98397452 0
          0.6890232 0.68794775 3.3412454 1

      }
      DEF +82 Coordinate3 {
        point [ 0.070316918 0.070316918 -0.1733,
            -0.075663075 0.070316918 -0.1733,
            -0.075663075 -0.075663075 -0.1733,
            0.070316918 -0.075663075 -0.1733,
            0.081009224 0.081009224 0.1733,
            -0.075663067 0.081009224 0.1733,
            -0.075663067 -0.075663067 0.1733,
            0.081009224 -0.075663067 0.1733 ]

      }
      USE +2
    }
    Separator {

      DEF +83 MatrixTransform {
        matrix 0.99150884 0 -0.13003926 0
          -0.019972296 0.98813522 -0.15228222 0
          0.12849638 0.15358631 0.97974485 0
          0.6892063 0.84228539 3.3426416 1

      }
      DEF +84 Coordinate3 {
        point [ 0.070316918 0.070316918 -0.1733,
            -0.075663075 0.070316918 -0.1733,
            -0.075663075 -0.075663075 -0.1733,
            0.070316918 -0.075663075 -0.1733,
            0.081009224 0.081009224 0.1733,
            -0.075663067 0.081009224 0.1733,
            -0.075663067 -0.075663067 0.1733,
            0.081009224 -0.075663067 0.1733 ]

      }
      USE +2
    }
    Separator {

      DEF +85 MatrixTransform {
        matrix 0.99150884 0 -0.13003926 0
          -0.023924856 0.98292965 -0.18241964 0
          0.12781945 0.18398188 0.97458345 0
          0.68936694 0.99745154 3.3438663 1

      }
      DEF +86 Coordinate3 {
        point [ 0.070316918 0.070316918 -0.1733,
            -0.075663075 0.070316918 -0.1733,
            -0.075663075 -0.075663075 -0.1733,
            0.070316918 -0.075663075 -0.1733,
            0.081009224 0.081009224 0.1733,
            -0.075663067 0.081009224 0.1733,
            -0.075663067 -0.075663067 0.1733,
            0.081009224 -0.075663067 0.1733 ]

      }
      USE +2
    }
    Separator {

      DEF +87 MatrixTransform {
        matrix 0.99150884 0 -0.13003926 0
          -0.027854895 0.9767893 -0.21238366 0
          0.12702096 0.21420251 0.96849525 0
          0.68950492 1.1535931 3.3449183 1

      }
      DEF +88 Coordinate3 {
        point [ 0.070316918 0.070316918 -0.1733,
            -0.075663075 0.070316918 -0.1733,
            -0.075663075 -0.075663075 -0.1733,
            0.070316918 -0.075663075 -0.1733,
            0.081009224 0.081009224 0.1733,
            -0.075663067 0.081009224 0.1733,
            -0.075663067 -0.075663067 0.1733,
            0.081009224 -0.075663067 0.1733 ]

      }
      USE +2
    }
    Separator {

      DEF +89 MatrixTransform {
        matrix 0.99150884 0 -0.13003926 0
          -0.031758051 0.96972001 -0.24214567 0
          0.12610167 0.24421938 0.96148598 0
          0.68962008 1.3108617 3.3457966 1

      }
      DEF +90 Coordinate3 {
        point [ 0.070316918 0.070316918 -0.1733,
            -0.075663075 0.070316918 -0.1733,
            -0.075663075 -0.075663075 -0.1733,
            0.070316918 -0.075663075 -0.1733,
            0.081009224 0.081009224 0.1733,
            -0.075663067 0.081009224 0.1733,
            -0.075663067 -0.075663067 0.1733,
            0.081009224 -0.075663067 0.1733 ]

      }
      USE +2
    }
    Separator {

      DEF +91 MatrixTransform {
        matrix 0.9867841 0 -0.16204077 0
          -4.3711388e-08 1 -4.3711388e-08 0
          0.16204081 0 0.9867841 0
          0.84238923 0.076063067 3.3354037 1

      }
      DEF +92 Coordinate3 {
        point [ 0.070316918 0.070316918 -0.1733,
            -0.075663075 0.070316918 -0.1733,
            -0.075663075 -0.075663075 -0.1733,
            0.070316918 -0.075663075 -0.1733,
            0.081009224 0.081009224 0.1733,
            -0.075663067 0.081009224 0.1733,
            -0.075663067 -0.075663067 0.1733,
            0.081009224 -0.075663067 0.1733 ]

      }
      USE +2
    }
    Separator {

      DEF +93 MatrixTransform {
        matrix 0.9867841 0 -0.16204077 0
          -0.0049963929 0.99952453 -0.030426977 0
          0.16196376 0.03083444 0.98631483 0
          0.84272718 0.22849002 3.3374622 1

      }
      DEF +94 Coordinate3 {
        point [ 0.070316918 0.070316918 -0.1733,
            -0.075663075 0.070316918 -0.1733,
            -0.075663075 -0.075663075 -0.1733,
            0.070316918 -0.075663075 -0.1733,
            0.081009224 0.081009224 0.1733,
            -0.075663067 0.081009224 0.1733,
            -0.075663067 -0.075663067 0.1733,
            0.081009224 -0.075663067 0.1733 ]

      }
      USE +2
    }
    Separator {

      DEF +95 MatrixTransform {
        matrix 0.9867841 0 -0.16204077 0
          -0.0099881347 0.99809849 -0.060824897 0
          0.16173267 0.061639559 0.98490769 0
          0.84303808 0.38118884 3.3393557 1

      }
      DEF +96 Coordinate3 {
        point [ 0.070316918 0.070316918 -0.1733,
            -0.075663075 0.070316918 -0.1733,
            -0.075663075 -0.075663075 -0.1733,
            0.070316918 -0.075663075 -0.1733,
            0.081009224 0.081009224 0.1733,
            -0.075663067 0.081009224 0.1733,
            -0.075663067 -0.075663067 0.1733,
            0.081009224 -0.075663067 0.1733 ]

      }
      USE +2
    }
    Separator {

      DEF +97 MatrixTransform {
        matrix 0.9867841 0 -0.16204077 0
          -0.014970361 0.99572331 -0.091165081 0
          0.16134781 0.092386067 0.98256385 0
          0.84332174 0.53429556 3.3410828 1

      }
      DEF +98 Coordinate3 {
        point [ 0.070316918 0.070316918 -0.1733,
            -0.075663075 0.070316918 -0.1733,
            -0.075663075 -0.075663075 -0.1733,
            0.070316918 -0.075663075 -0.1733,
            0.081009224 0.081009224 0.1733,
            -0.075663067 0.081009224 0.1733,
            -0.075663067 -0.075663067 0.1733,
            0.081009224 -0.075663067 0.1733 ]

      }
      USE +2
    }
    Separator {

      DEF +99 MatrixTransform {
        matrix 0.9867841 0 -0.16204077 0
          -0.019938273 0.99240112 -0.1214186 0
          0.16080949 0.12304471 0.97928566 0
          0.8435778 0.68794775 3.3426423 1

      }
      DEF +100 Coordinate3 {
        point [ 0.070316918 0.070316918 -0.1733,
            -0.075663075 0.070316918 -0.1733,
            -0.075663075 -0.075663075 -0.1733,
            0.070316918 -0.075663075 -0.1733,
            0.081009224 0.081009224 0.1733,
            -0.075663067 0.081009224 0.1733,
            -0.075663067 -0.075663067 0.1733,
            0.081009224 -0.075663067 0.1733 ]

      }
      USE +2
    }
    Separator {

      DEF +101 MatrixTransform {
        matrix 0.9867841 0 -0.16204077 0
          -0.024887241 0.98813528 -0.15155655 0
          0.16011825 0.15358633 0.97507614 0
          0.84380603 0.84228539 3.3440316 1

      }
      DEF +102 Coordinate3 {
        point [ 0.070316918 0.070316918 -0.1733,
            -0.075663075 0.070316918 -0.1733,
            -0.075663075 -0.075663075 -0.1733,
            0.070316918 -0.075663075 -0.1733,
            0.081009224 0.081009224 0.1733,
            -0.075663067 0.081009224 0.1733,
            -0.075663067 -0.075663067 0.1733,
            0.081009224 -0.075663067 0.1733 ]

      }
      USE +2
    }
    Separator {

      DEF +103 MatrixTransform {
        matrix 0.9867841 0 -0.16204077 0
          -0.029812593 0.98292965 -0.18155034 0
          0.15927471 0.18398188 0.96993929 0
          0.84400618 0.99745154 3.3452508 1

      }
      DEF +104 Coordinate3 {
        point [ 0.070316918 0.070316918 -0.1733,
            -0.075663075 0.070316918 -0.1733,
            -0.075663075 -0.075663075 -0.1733,
            0.070316918 -0.075663075 -0.1733,
            0.081009224 0.081009224 0.1733,
            -0.075663067 0.081009224 0.1733,
            -0.075663067 -0.075663067 0.1733,
            0.081009224 -0.075663067 0.1733 ]

      }
      USE +2
    }
    Separator {

      DEF +105 MatrixTransform {
        matrix 0.9867841 0 -0.16204077 0
          -0.034709573 0.9767893 -0.2113716 0
          0.15827973 0.21420248 0.96388012 0
          0.84417808 1.1535931 3.3462975 1

      }
      DEF +106 Coordinate3 {
        point [ 0.070316918 0.070316918 -0.1733,
            -0.075663075 0.070316918 -0.1733,
            -0.075663075 -0.075663075 -0.1733,
            0.070316918 -0.075663075 -0.1733,
            0.081009224 0.081009224 0.1733,
            -0.075663067 0.081009224 0.1733,
            -0.075663067 -0.075663067 0.1733,
            0.081009224 -0.075663067 0.1733 ]

      }
      USE +2
    }
    Separator {

      DEF +107 MatrixTransform {
        matrix 0.9867841 0 -0.16204077 0
          -0.039573479 0.96972001 -0.24099179 0
          0.15713419 0.24421939 0.95690423 0
          0.84432161 1.3108617 3.3471713 1

      }
      DEF +108 Coordinate3 {
        point [ 0.070316918 0.070316918 -0.1733,
            -0.075663075 0.070316918 -0.1733,
            -0.075663075 -0.075663075 -0.1733,
            0.070316918 -0.075663075 -0.1733,
            0.081009224 0.081009224 0.1733,
            -0.075663067 0.081009224 0.1733,
            -0.075663067 -0.075663067 0.1733,
            0.081009224 -0.075663067 0.1733 ]

      }
      USE +2
    }
    Separator {

      DEF +109 MatrixTransform {
        matrix 0.98102671 0 -0.19387284 0
          -4.3711388e-08 1 -4.3711388e-08 0
          0.19387282 0 0.98102671 0
          0.9976235 0.076063067 3.3366442 1

      }
      DEF +110 Coordinate3 {
        point [ 0.070316918 0.070316918 -0.1733,
            -0.075663075 0.070316918 -0.1733,
            -0.075663075 -0.075663075 -0.1733,
            0.070316918 -0.075663075 -0.1733,
            0.081009224 0.081009224 0.1733,
            -0.075663067 0.081009224 0.1733,
            -0.075663067 -0.075663067 0.1733,
            0.081009224 -0.075663067 0.1733 ]

      }
      USE +2
    }
    Separator {

      DEF +111 MatrixTransform {
        matrix 0.98102671 0 -0.19387284 0
          -0.0059780013 0.99952453 -0.030249437 0
          0.19378063 0.030834446 0.98056024 0
          0.99802786 0.22849002 3.3386905 1

      }
      DEF +112 Coordinate3 {
        point [ 0.070316918 0.070316918 -0.1733,
            -0.075663075 0.070316918 -0.1733,
            -0.075663075 -0.075663075 -0.1733,
            0.070316918 -0.075663075 -0.1733,
            0.081009224 0.081009224 0.1733,
            -0.075663067 0.081009224 0.1733,
            -0.075663067 -0.075663067 0.1733,
            0.081009224 -0.075663067 0.1733 ]

      }
      USE +2
    }
    Separator {

      DEF +113 MatrixTransform {
        matrix 0.98102671 0 -0.19387284 0
          -0.011950277 0.99809849 -0.060470071 0
          0.19350418 0.061639566 0.97916126 0
          0.99839991 0.38118884 3.3405731 1

      }
      DEF +114 Coordinate3 {
        point [ 0.070316918 0.070316918 -0.1733,
            -0.075663075 0.070316918 -0.1733,
            -0.075663075 -0.075663075 -0.1733,
            0.070316918 -0.075663075 -0.1733,
            0.081009224 0.081009224 0.1733,
            -0.075663067 0.081009224 0.1733,
            -0.075663067 -0.075663067 0.1733,
            0.081009224 -0.075663067 0.1733 ]

      }
      USE +2
    }
    Separator {

      DEF +115 MatrixTransform {
        matrix 0.98102671 0 -0.19387284 0
          -0.017911114 0.99572325 -0.090633228 0
          0.19304365 0.092386059 0.97683108 0
          0.99873924 0.53429556 3.3422904 1

      }
      DEF +116 Coordinate3 {
        point [ 0.070316918 0.070316918 -0.1733,
            -0.075663075 0.070316918 -0.1733,
            -0.075663075 -0.075663075 -0.1733,
            0.070316918 -0.075663075 -0.1733,
            0.081009224 0.081009224 0.1733,
            -0.075663067 0.081009224 0.1733,
            -0.075663067 -0.075663067 0.1733,
            0.081009224 -0.075663067 0.1733 ]

      }
      USE +2
    }
    Separator {

      DEF +117 MatrixTransform {
        matrix 0.98102671 0 -0.19387284 0
          -0.023854963 0.99240112 -0.12071014 0
          0.19239959 0.12304469 0.97357202 0
          0.99904555 0.68794775 3.3438404 1

      }
      DEF +118 Coordinate3 {
        point [ 0.070316918 0.070316918 -0.1733,
            -0.075663075 0.070316918 -0.1733,
            -0.075663075 -0.075663075 -0.1733,
            0.070316918 -0.075663075 -0.1733,
            0.081009224 0.081009224 0.1733,
            -0.075663067 0.081009224 0.1733,
            -0.075663067 -0.075663067 0.1733,
            0.081009224 -0.075663067 0.1733 ]

      }
      USE +2
    }
    Separator {

      DEF +119 MatrixTransform {
        matrix 0.98102671 0 -0.19387284 0
          -0.029776176 0.98813528 -0.15067227 0
          0.19157252 0.15358631 0.96938705 0
          0.9993186 0.84228539 3.3452222 1

      }
      DEF +120 Coordinate3 {
        point [ 0.070316918 0.070316918 -0.1733,
            -0.075663075 0.070316918 -0.1733,
            -0.075663075 -0.075663075 -0.1733,
            0.070316918 -0.075663075 -0.1733,
