#Inventor V2.1 ascii


DEF IGGI_SCENE_GRAPH_V2 Selection {
  policy SINGLE

  DEF IGGI_3D_REP Separator {
    renderCaching OFF

    Group {

      DEF Default_X20Light_X20Group Group {

      }
    }
    Separator {

    }
    DEF IGGI_3D_REP Separator {
      renderCaching OFF

      Group {

      }
      DEF Objects Switch {
        whichChild -3

      }
      DEF IGGI_3D_REP Separator {
        renderCaching OFF

        Group {

        }
        DEF CMS_X20Event_X20and_X20Detector Switch {
          whichChild -3

        }
        DEF IGGI_3D_REP Separator {
          renderCaching OFF

          Group {

          }
          DEF Annotations Switch {
            whichChild -3

          }
        }
        DEF IGGI_3D_REP Separator {
          renderCaching OFF

          Group {

          }
          DEF Muon Switch {
            whichChild -3

          }
          DEF IGGI_3D_REP Separator {
            renderCaching OFF

            Group {

            }
            DEF Barrel Switch {
              whichChild -3

            }
            DEF IGGI_3D_REP Separator {
              renderCaching OFF

              Group {

              }
              DEF Drift_X20Tubes Switch {
                whichChild -1

              }
              DEF IGGI_3D_REP Separator {
                renderCaching OFF

                Group {

                }
                DEF Drift_X20Tubes_X20Superlayers Switch {
                  whichChild -1

                }
                DEF IGGI_3D_REP Separator {
                  renderCaching OFF

                  Group {

                  }
                  DEF Drift_X20Tubes_X20Superlayers_X20(details) Switch {
                    whichChild -1

                  }
                }
              }
            }
            DEF IGGI_3D_REP Separator {
              renderCaching OFF

              Group {

              }
              DEF RPCs Switch {
                whichChild -1

              }
            }
            DEF IGGI_3D_REP Separator {
              renderCaching OFF

              Group {

              }
              DEF Absorber Switch {
                whichChild -1

              }
            }
          }
          DEF IGGI_3D_REP Separator {
            renderCaching OFF

            Group {

            }
            DEF Endcap Switch {
              whichChild -3

            }
            DEF IGGI_3D_REP Separator {
              renderCaching OFF

              Group {

              }
              DEF CSCs Switch {
                whichChild -1

              }
            }
            DEF IGGI_3D_REP Separator {
              renderCaching OFF

              Group {

              }
              DEF RPCs Switch {
                whichChild -1

              }
            }
            DEF IGGI_3D_REP Separator {
              renderCaching OFF

              Group {

              }
              DEF Absorber Switch {
                whichChild -1

              }
            }
          }
        }
        DEF IGGI_3D_REP Separator {
          renderCaching OFF

          Group {

          }
          DEF ECAL Switch {
            whichChild -3

          }
          DEF IGGI_3D_REP Separator {
            renderCaching OFF

            Group {

            }
            DEF Barrel Switch {
              whichChild -1

            }
          }
          DEF IGGI_3D_REP Separator {
            renderCaching OFF

            Group {

            }
            DEF Forward Switch {
              whichChild -1

            }
          }
          DEF IGGI_3D_REP Separator {
            renderCaching OFF

            Group {

            }
            DEF Preshower Switch {
              whichChild -1

            }
          }
        }
        DEF IGGI_3D_REP Separator {
          renderCaching OFF

          Group {

          }
          DEF HCAL Switch {
            whichChild -3

          }
          DEF IGGI_3D_REP Separator {
            renderCaching OFF

            Group {

            }
            DEF Barrel Switch {
              whichChild -1

            }
            DEF IGGI_3D_REP Separator {
              renderCaching OFF

              Group {

              }
              DEF Barrel_X20Layers Switch {
                whichChild -3

                DEF IGGI_SCENE_GRAPH_V2 Selection {
                  policy SINGLE

                  DEF IGGI_3D_REP Separator {
                    renderCaching OFF

                    Group {

                      DEF Default_X20View_X20Points Group {

                        DEF Current_X20Viewpoint IgSoViewpoint {
                          fields [ SFVec3f position, SFRotation orientation, SFFloat aspectRatio, SFFloat focalDistance, SFFloat heightAngle, SFEnum cameraType, SFFloat nearDistance, SFFloat farDistance ]
                          position -2.3841858e-07 -5.9604645e-07 14.815891
                          orientation 0 0 1  0
                          aspectRatio 1
                          focalDistance 14.815891
                          heightAngle 0.78539819
                          cameraType Perspective
                          nearDistance 8.8943005
                          farDistance 20.737482

                        }
                      }
                      DEF Default_X20Light_X20Group Group {

                      }
                      DEF Z_X20Slicers Switch {
                        whichChild 1

                        DEF All Group {

                          DEF Full_X20Slicer+0 IgSoSlicer {
                            fields [ SFBool on, SFBool manip, SFFloat thickness, SFPlane plane ]
                            on FALSE
                            manip FALSE
                            plane 0 0 1  0

                          }
                        }
                        DEF Active Group {

                          USE Full_X20Slicer+0
                        }
                      }
                      DEF Clip_X20Planes Switch {
                        whichChild 1

                        DEF All Group {

                          DEF Full_X20Clip_X20Plane+1 IgSoClipPlane {
                            fields [ SFBool on, SFBool manip, SFPlane plane ]
                            on FALSE
                            manip FALSE
                            plane -1 0 0  0

                          }
                        }
                        DEF Active Group {

                          USE Full_X20Clip_X20Plane+1
                        }
                      }
                      DEF Default_X20Anims_X20Group Group {

                        DEF Default_X20Animator IgSoAnimator {
                          fields [ SFRotation rotation, SFShort timeMax, SFShort timeStep, SFFloat timeFreq, SFVec3f axis, SFBool on, SFBool reset, SFInt32 state, SFInt32 newAxis, SFBool complete ]
                          rotation 0 0 1  0
                          axis 1 0 0
                          state 0
                          newAxis 0
                          complete TRUE

                        }
                      }
                    }
                    DEF Root Separator {

                    }
                    DEF IGGI_3D_REP Separator {
                      renderCaching OFF

                      Group {

                      }
                      DEF Objects Switch {
                        whichChild -3

                        Selection {
                          policy SINGLE

                          Separator {
                            renderCaching OFF

                            Group {

                              DrawStyle {
                                style LINES

                              }
                              Material {
                                ambientColor 0.42352942 0.43921569 0.45490196
                                diffuseColor 0.42352942 0.43921569 0.45490196
                                specularColor 0.42352942 0.43921569 0.45490196
                                emissiveColor 0.42352942 0.43921569 0.45490196
                                shininess 0
                                transparency 0

                              }
                              Group {

                                IgSoViewpoint {
                                  fields [ SFVec3f position, SFRotation orientation, SFFloat aspectRatio, SFFloat focalDistance, SFFloat heightAngle, SFEnum cameraType, SFFloat nearDistance, SFFloat farDistance ]
                                  position 0 0 1
                                  orientation 0 0 1  0
                                  aspectRatio 1
                                  focalDistance 5
                                  heightAngle 0.78539819
                                  cameraType Perspective
                                  nearDistance 0.1
                                  farDistance 32767

                                }
                              }
                              Switch {
                                whichChild 1

                                Group {

                                  DEF +2 IgSoSlicer {
                                    fields [ SFBool on, SFBool manip, SFFloat thickness, SFPlane plane ]
                                    on FALSE
                                    manip FALSE
                                    plane 0 0 1  0

                                  }
                                }
                                Group {

                                  USE +2
                                }
                              }
                              Switch {
                                whichChild 1

                                Group {

                                  DEF +3 IgSoClipPlane {
                                    fields [ SFBool on, SFBool manip, SFPlane plane ]
                                    on FALSE
                                    manip FALSE
                                    plane -1 0 0  0

                                  }
                                }
                                Group {

                                  USE +3
                                }
                              }
                              Group {

                                IgSoAnimator {
                                  fields [ SFRotation rotation, SFShort timeMax, SFShort timeStep, SFFloat timeFreq, SFVec3f axis, SFBool on, SFBool reset, SFInt32 state, SFInt32 newAxis, SFBool complete ]
                                  rotation 0 0 1  0
                                  axis 1 0 0
                                  state 0
                                  newAxis 0
                                  complete TRUE

                                }
                              }
                            }
                            DEF _unnamed_/_unnamed_/_unnamed_/_unnamed_/_unnamed_/_unnamed_/_unnamed_/_unnamed_/_unnamed_ Separator {
                              renderCaching OFF

                              Translation {
                                translation 0 0 -5

                              }
                              Separator {
                                renderCaching OFF

                                Switch {
                                  whichChild -3

                                  Separator {

                                    MatrixTransform {
                                      matrix 0.001 0 1.8369096e-19 0
                                        1.8369096e-19 0.001 1.8369096e-19 0
                                        0 0 0.001 0
                                        0 0 0 1

                                    }
                                    DEF +4 IgSoRotSolid {
                                      fields [ SFFloat phiStart, SFFloat phiDelta, MFVec2f polygon, SFInt32 divisions, SFBool smooth, SFBool showLines, SFNode callbackList, SFNode hints, SFNode faces, SFNode lines, SFNode separator ]
                                      phiStart 6.1086526
                                      phiDelta 0.34906584
                                      polygon [ 1900.8787 3251.0779,
                                          1804.4131 3085.8677,
                                          1804.4131 0,
                                          1900.8787 0 ]
                                      divisions 1
                                      smooth FALSE

                                    }
                                  }
                                  Separator {

                                    MatrixTransform {
                                      matrix 0.00093969266 0.00034202018 2.9666936e-19 0
                                        -0.00034202018 0.00093969266 1.7101736e-19 0
                                        0 0 0.001 0
                                        0 0 0 1

                                    }
                                    USE +4
                                  }
                                  Separator {

                                    MatrixTransform {
                                      matrix 0.00076604448 0.00064278767 3.2002005e-19 0
                                        -0.00064278767 0.00076604448 8.3871487e-20 0
                                        0 0 0.001 0
                                        0 0 0 1

                                    }
                                    USE +4
                                  }
                                  Separator {

                                    MatrixTransform {
                                      matrix 0.00050000002 0.00086602545 3.1215682e-19 0
                                        -0.00086602545 0.00050000002 -6.0052379e-21 0
                                        0 0 0.001 0
                                        0 0 0 1

                                    }
                                    USE +4
                                  }
                                  Separator {

                                    MatrixTransform {
                                      matrix 0.00017364819 0.00098480773 2.7402819e-19 0
                                        -0.00098480773 0.00017364819 -8.7772361e-20 0
                                        0 0 0.001 0
                                        0 0 0 1

                                    }
                                    USE +4
                                  }
                                  Separator {

                                    MatrixTransform {
                                      matrix -0.00017364819 0.00098480773 2.1023301e-19 0
                                        -0.00098480773 -0.00017364819 -1.5156756e-19 0
                                        0 0 0.001 0
                                        0 0 0 1

                                    }
                                    USE +4
                                  }
                                  Separator {

                                    MatrixTransform {
                                      matrix -0.00050000002 0.00086602545 1.2846588e-19 0
                                        -0.00086602545 -0.00050000002 -1.8969621e-19 0
                                        0 0 0.001 0
                                        0 0 0 1

                                    }
                                    USE +4
                                  }
                                  Separator {

                                    MatrixTransform {
                                      matrix -0.00076604448 0.00064278767 3.8589155e-20 0
                                        -0.00064278767 -0.00076604448 -1.975594e-19 0
                                        0 0 0.001 0
                                        0 0 0 1

                                    }
                                    USE +4
                                  }
                                  Separator {

                                    MatrixTransform {
                                      matrix -0.00093969266 0.00034202018 -4.855671e-20 0
                                        -0.00034202018 -0.00093969266 -1.7420873e-19 0
                                        0 0 0.001 0
                                        0 0 0 1

                                    }
                                    USE +4
                                  }
                                  Separator {

                                    MatrixTransform {
                                      matrix -0.001 1.2246064e-19 -1.2246064e-19 0
                                        -1.2246064e-19 -0.001 -1.2246064e-19 0
                                        0 0 0.001 0
                                        0 0 0 1

                                    }
                                    USE +4
                                  }
                                  Separator {

                                    MatrixTransform {
                                      matrix -0.00093969266 -0.00034202018 -1.7420873e-19 0
                                        0.00034202018 -0.00093969266 -4.855671e-20 0
                                        0 0 0.001 0
                                        0 0 0 1

                                    }
                                    USE +4
                                  }
                                  Separator {

                                    MatrixTransform {
                                      matrix -0.00076604448 -0.00064278767 -1.975594e-19 0
                                        0.00064278767 -0.00076604448 3.8589155e-20 0
                                        0 0 0.001 0
                                        0 0 0 1

                                    }
                                    USE +4
                                  }
                                  Separator {

                                    MatrixTransform {
                                      matrix -0.00050000002 -0.00086602545 -1.8969621e-19 0
                                        0.00086602545 -0.00050000002 1.2846588e-19 0
                                        0 0 0.001 0
                                        0 0 0 1

                                    }
                                    USE +4
                                  }
                                  Separator {

                                    MatrixTransform {
                                      matrix -0.00017364819 -0.00098480773 -1.5156756e-19 0
                                        0.00098480773 -0.00017364819 2.1023301e-19 0
                                        0 0 0.001 0
                                        0 0 0 1

                                    }
                                    USE +4
                                  }
                                  Separator {

                                    MatrixTransform {
                                      matrix 0.00017364819 -0.00098480773 -8.7772361e-20 0
                                        0.00098480773 0.00017364819 2.7402819e-19 0
                                        0 0 0.001 0
                                        0 0 0 1

                                    }
                                    USE +4
                                  }
                                  Separator {

                                    MatrixTransform {
                                      matrix 0.00050000002 -0.00086602545 -6.0052379e-21 0
                                        0.00086602545 0.00050000002 3.1215682e-19 0
                                        0 0 0.001 0
                                        0 0 0 1

                                    }
                                    USE +4
                                  }
                                  Separator {

                                    MatrixTransform {
                                      matrix 0.00076604448 -0.00064278767 8.3871487e-20 0
                                        0.00064278767 0.00076604448 3.2002005e-19 0
                                        0 0 0.001 0
                                        0 0 0 1

                                    }
                                    USE +4
                                  }
                                  Separator {

                                    MatrixTransform {
                                      matrix 0.00093969266 -0.00034202018 1.7101736e-19 0
                                        0.00034202018 0.00093969266 2.9666936e-19 0
                                        0 0 0.001 0
                                        0 0 0 1

                                    }
                                    USE +4
                                  }
                                  Separator {

                                    MatrixTransform {
                                      matrix -0.001 1.2246064e-19 -1.2246064e-19 0
                                        2.4492128e-19 0.001 2.4492128e-19 0
                                        1.2246064e-19 0 -0.001 0
                                        0 0 0 1

                                    }
                                    USE +4
                                  }
                                  Separator {

                                    MatrixTransform {
                                      matrix -0.00093969266 0.00034202018 -9.2537671e-20 0
                                        0.00034202018 0.00093969266 2.1080441e-19 0
                                        1.2246064e-19 0 -0.001 0
                                        0 0 0 1

                                    }
                                    USE +4
                                  }
                                  Separator {

                                    MatrixTransform {
                                      matrix -0.00076604448 0.00064278767 2.3917513e-21 0
                                        0.00064278767 0.00076604448 2.0510644e-19 0
                                        1.2246064e-19 0 -0.001 0
                                        0 0 0 1

                                    }
                                    USE +4
                                  }
                                  Separator {

                                    MatrixTransform {
                                      matrix -0.00050000002 0.00086602545 8.9647411e-20 0
                                        0.00086602545 0.00050000002 1.6728434e-19 0
                                        1.2246064e-19 0 -0.001 0
                                        0 0 0 1

                                    }
                                    USE +4
                                  }
                                  Separator {

                                    MatrixTransform {
                                      matrix -0.00017364819 0.00098480773 1.5870498e-19 0
                                        0.00098480773 0.00017364819 1.019e-19 0
                                        1.2246064e-19 0 -0.001 0
                                        0 0 0 1

                                    }
                                    USE +4
                                  }
                                  Separator {

                                    MatrixTransform {
                                      matrix 0.00017364819 0.00098480773 2.0123512e-19 0
                                        0.00098480773 -0.00017364819 1.6839733e-20 0
                                        1.2246064e-19 0 -0.001 0
                                        0 0 0 1

                                    }
                                    USE +4
                                  }
                                  Separator {

                                    MatrixTransform {
                                      matrix 0.00050000002 0.00086602545 2.1210806e-19 0
                                        0.00086602545 -0.00050000002 -7.763693e-20 0
                                        1.2246064e-19 0 -0.001 0
                                        0 0 0 1

                                    }
                                    USE +4
                                  }
                                  Separator {

                                    MatrixTransform {
                                      matrix 0.00076604448 0.00064278767 1.9001234e-19 0
                                        0.00064278767 -0.00076604448 -1.7013473e-19 0
                                        1.2246064e-19 0 -0.001 0
                                        0 0 0 1

                                    }
                                    USE +4
                                  }
                                  Separator {

                                    MatrixTransform {
                                      matrix 0.00093969266 0.00034202018 1.3761305e-19 0
                                        0.00034202018 -0.00093969266 -2.4949703e-19 0
                                        1.2246064e-19 0 -0.001 0
                                        0 0 0 1

                                    }
                                    USE +4
                                  }
                                  Separator {

                                    MatrixTransform {
                                      matrix 0.001 0 6.1230319e-20 0
                                        -3.0615159e-19 -0.001 -3.0615159e-19 0
                                        1.2246064e-19 0 -0.001 0
                                        0 0 0 1

                                    }
                                    USE +4
                                  }
                                  Separator {

                                    MatrixTransform {
                                      matrix 0.00093969266 -0.00034202018 -2.9922971e-20 0
                                        -0.00034202018 -0.00093969266 -3.3326505e-19 0
                                        1.2246064e-19 0 -0.001 0
                                        0 0 0 1

                                    }
                                    USE +4
                                  }
                                  Separator {

                                    MatrixTransform {
                                      matrix 0.00076604448 -0.00064278767 -1.2485239e-19 0
                                        -0.00064278767 -0.00076604448 -3.2756709e-19 0
                                        1.2246064e-19 0 -0.001 0
                                        0 0 0 1

                                    }
                                    USE +4
                                  }
                                  Separator {

                                    MatrixTransform {
                                      matrix 0.00050000002 -0.00086602545 -2.1210806e-19 0
                                        -0.00086602545 -0.00050000002 -2.8974501e-19 0
                                        1.2246064e-19 0 -0.001 0
                                        0 0 0 1

                                    }
                                    USE +4
                                  }
                                  Separator {

                                    MatrixTransform {
                                      matrix 0.00017364819 -0.00098480773 -2.8116564e-19 0
                                        -0.00098480773 -0.00017364819 -2.2436064e-19 0
                                        1.2246064e-19 0 -0.001 0
                                        0 0 0 1

                                    }
                                    USE +4
                                  }
                                  Separator {

                                    MatrixTransform {
                                      matrix -0.00017364819 -0.00098480773 -3.2369578e-19 0
                                        -0.00098480773 0.00017364819 -1.3930037e-19 0
                                        1.2246064e-19 0 -0.001 0
                                        0 0 0 1

                                    }
                                    USE +4
                                  }
                                  Separator {

                                    MatrixTransform {
                                      matrix -0.00050000002 -0.00086602545 -3.3456868e-19 0
                                        -0.00086602545 0.00050000002 -4.4823706e-20 0
                                        1.2246064e-19 0 -0.001 0
                                        0 0 0 1

                                    }
                                    USE +4
                                  }
                                  Separator {

                                    MatrixTransform {
                                      matrix -0.00076604448 -0.00064278767 -3.1247298e-19 0
                                        -0.00064278767 0.00076604448 4.7674083e-20 0
                                        1.2246064e-19 0 -0.001 0
                                        0 0 0 1

                                    }
                                    USE +4
                                  }
                                  Separator {

                                    MatrixTransform {
                                      matrix -0.00093969266 -0.00034202018 -2.600737e-19 0
                                        -0.00034202018 0.00093969266 1.270364e-19 0
                                        1.2246064e-19 0 -0.001 0
                                        0 0 0 1

                                    }
                                    USE +4
                                  }
                                }
                              }
                              Separator {
                                renderCaching OFF

                                Switch {
                                  whichChild -3

                                  Separator {

                                    MatrixTransform {
                                      matrix 0.001 0 1.8369096e-19 0
                                        1.8369096e-19 0.001 1.8369096e-19 0
                                        0 0 0.001 0
                                        0 0 0 1

                                    }
                                    DEF +5 IgSoRotSolid {
                                      fields [ SFFloat phiStart, SFFloat phiDelta, MFVec2f polygon, SFInt32 divisions, SFBool smooth, SFBool showLines, SFNode callbackList, SFNode hints, SFNode faces, SFNode lines, SFNode separator ]
                                      phiStart 6.1094217
                                      phiDelta 0.34752762
                                      polygon [ 1940.7253 3319.7703,
                                          1900.6215 3251.0779,
                                          1900.6215 0,
                                          1940.7253 0 ]
                                      divisions 1
                                      smooth FALSE

                                    }
                                  }
                                  Separator {

                                    MatrixTransform {
                                      matrix 0.00093969266 0.00034202018 2.9666936e-19 0
                                        -0.00034202018 0.00093969266 1.7101736e-19 0
                                        0 0 0.001 0
                                        0 0 0 1

                                    }
                                    USE +5
                                  }
                                  Separator {

                                    MatrixTransform {
                                      matrix 0.00076604448 0.00064278767 3.2002005e-19 0
                                        -0.00064278767 0.00076604448 8.3871487e-20 0
                                        0 0 0.001 0
                                        0 0 0 1

                                    }
                                    USE +5
                                  }
                                  Separator {

                                    MatrixTransform {
                                      matrix 0.00050000002 0.00086602545 3.1215682e-19 0
                                        -0.00086602545 0.00050000002 -6.0052379e-21 0
                                        0 0 0.001 0
                                        0 0 0 1

                                    }
                                    USE +5
                                  }
                                  Separator {

                                    MatrixTransform {
                                      matrix 0.00017364819 0.00098480773 2.7402819e-19 0
                                        -0.00098480773 0.00017364819 -8.7772361e-20 0
                                        0 0 0.001 0
                                        0 0 0 1

                                    }
                                    USE +5
                                  }
                                  Separator {

                                    MatrixTransform {
                                      matrix -0.00017364819 0.00098480773 2.1023301e-19 0
                                        -0.00098480773 -0.00017364819 -1.5156756e-19 0
                                        0 0 0.001 0
                                        0 0 0 1

                                    }
                                    USE +5
                                  }
                                  Separator {

                                    MatrixTransform {
                                      matrix -0.00050000002 0.00086602545 1.2846588e-19 0
                                        -0.00086602545 -0.00050000002 -1.8969621e-19 0
                                        0 0 0.001 0
                                        0 0 0 1

                                    }
                                    USE +5
                                  }
                                  Separator {

                                    MatrixTransform {
                                      matrix -0.00076604448 0.00064278767 3.8589155e-20 0
                                        -0.00064278767 -0.00076604448 -1.975594e-19 0
                                        0 0 0.001 0
                                        0 0 0 1

                                    }
                                    USE +5
                                  }
                                  Separator {

                                    MatrixTransform {
                                      matrix -0.00093969266 0.00034202018 -4.855671e-20 0
                                        -0.00034202018 -0.00093969266 -1.7420873e-19 0
                                        0 0 0.001 0
                                        0 0 0 1

                                    }
                                    USE +5
                                  }
                                  Separator {

                                    MatrixTransform {
                                      matrix -0.001 1.2246064e-19 -1.2246064e-19 0
                                        -1.2246064e-19 -0.001 -1.2246064e-19 0
                                        0 0 0.001 0
                                        0 0 0 1

                                    }
                                    USE +5
                                  }
                                  Separator {

                                    MatrixTransform {
                                      matrix -0.00093969266 -0.00034202018 -1.7420873e-19 0
                                        0.00034202018 -0.00093969266 -4.855671e-20 0
                                        0 0 0.001 0
                                        0 0 0 1

                                    }
                                    USE +5
                                  }
                                  Separator {

                                    MatrixTransform {
                                      matrix -0.00076604448 -0.00064278767 -1.975594e-19 0
                                        0.00064278767 -0.00076604448 3.8589155e-20 0
                                        0 0 0.001 0
                                        0 0 0 1

                                    }
                                    USE +5
                                  }
                                  Separator {

                                    MatrixTransform {
                                      matrix -0.00050000002 -0.00086602545 -1.8969621e-19 0
                                        0.00086602545 -0.00050000002 1.2846588e-19 0
                                        0 0 0.001 0
                                        0 0 0 1

                                    }
                                    USE +5
                                  }
                                  Separator {

                                    MatrixTransform {
                                      matrix -0.00017364819 -0.00098480773 -1.5156756e-19 0
                                        0.00098480773 -0.00017364819 2.1023301e-19 0
                                        0 0 0.001 0
                                        0 0 0 1

                                    }
                                    USE +5
                                  }
                                  Separator {

                                    MatrixTransform {
                                      matrix 0.00017364819 -0.00098480773 -8.7772361e-20 0
                                        0.00098480773 0.00017364819 2.7402819e-19 0
                                        0 0 0.001 0
                                        0 0 0 1

                                    }
                                    USE +5
                                  }
                                  Separator {

                                    MatrixTransform {
                                      matrix 0.00050000002 -0.00086602545 -6.0052379e-21 0
                                        0.00086602545 0.00050000002 3.1215682e-19 0
                                        0 0 0.001 0
                                        0 0 0 1

                                    }
                                    USE +5
                                  }
                                  Separator {

                                    MatrixTransform {
                                      matrix 0.00076604448 -0.00064278767 8.3871487e-20 0
                                        0.00064278767 0.00076604448 3.2002005e-19 0
                                        0 0 0.001 0
                                        0 0 0 1

                                    }
                                    USE +5
                                  }
                                  Separator {

                                    MatrixTransform {
                                      matrix 0.00093969266 -0.00034202018 1.7101736e-19 0
                                        0.00034202018 0.00093969266 2.9666936e-19 0
                                        0 0 0.001 0
                                        0 0 0 1

                                    }
                                    USE +5
