#Inventor V2.1 ascii


Separator {

  Material {
    ambientColor 0.704 0.72100002 0.72100002
    diffuseColor 0.48199999 0.48100001 0.55199999
    specularColor 0.83399999 0.56599998 0.54000002
    emissiveColor 0.40000001 0.40000001 0.2
    shininess 0.236
    transparency 0

  }
  DEF G3FACES Separator {

    Separator {

      DEF +0 MatrixTransform {
        matrix 1.1924881e-08 -1 -4.3711388e-08 0
          1 0 -4.3711388e-08 0
          0 0 1 0
          4.0570002 0.36067402 2.1855694e-11 1

      }
      DEF +1 Coordinate3 {
        point [ 1.04474 0.0049999999 -1.268,
            -1.04474 0.0049999999 -1.268,
            -1.04474 -0.0049999999 -1.268,
            1.04474 -0.0049999999 -1.268,
            1.04474 0.0049999999 1.268,
            -1.04474 0.0049999999 1.268,
            -1.04474 -0.0049999999 1.268,
            1.04474 -0.0049999999 1.268 ]

      }
      DEF +2 IndexedTriangleStripSet {
        coordIndex [ 0, 4, 3, 7, 2, 6, 1, 5,
            0, 4, -1, 1, 0, 2, 3, -1,
            6, 7, 5, 4, -1 ]

      }
    }
    Separator {

      DEF +3 MatrixTransform {
        matrix 0.49999991 -0.86602545 -4.3711388e-08 0
          0.86602539 0.5 -4.3711388e-08 0
          0 0 1 0
          3.333128 2.3408532 2.1855694e-11 1

      }
      DEF +4 Coordinate3 {
        point [ 1.04474 0.0049999999 -1.268,
            -1.04474 0.0049999999 -1.268,
            -1.04474 -0.0049999999 -1.268,
            1.04474 -0.0049999999 -1.268,
            1.04474 0.0049999999 1.268,
            -1.04474 0.0049999999 1.268,
            -1.04474 -0.0049999999 1.268,
            1.04474 -0.0049999999 1.268 ]

      }
      USE +2
    }
    Separator {

      DEF +5 MatrixTransform {
        matrix 0.86602533 -0.50000018 -4.3711388e-08 0
          0.49999997 0.86602545 -4.3711388e-08 0
          0 0 1 0
          1.7161469 3.6938019 2.1855694e-11 1

      }
      DEF +6 Coordinate3 {
        point [ 1.04474 0.0049999999 -1.268,
            -1.04474 0.0049999999 -1.268,
            -1.04474 -0.0049999999 -1.268,
            1.04474 -0.0049999999 -1.268,
            1.04474 0.0049999999 1.268,
            -1.04474 0.0049999999 1.268,
            -1.04474 -0.0049999999 1.268,
            1.04474 -0.0049999999 1.268 ]

      }
      USE +2
    }
    Separator {

      DEF +7 MatrixTransform {
        matrix 1 0 0 0
          0 1 0 0
          0 0 1 0
          -0.36067402 4.0570002 0 1

      }
      DEF +8 Coordinate3 {
        point [ 1.04474 0.0049999999 -1.268,
            -1.04474 0.0049999999 -1.268,
            -1.04474 -0.0049999999 -1.268,
            1.04474 -0.0049999999 -1.268,
            1.04474 0.0049999999 1.268,
            -1.04474 0.0049999999 1.268,
            -1.04474 -0.0049999999 1.268,
            1.04474 -0.0049999999 1.268 ]

      }
      USE +2
    }
    Separator {

      DEF +9 MatrixTransform {
        matrix 0.86602539 0.5 -4.3711388e-08 0
          -0.50000006 0.86602539 -4.3711388e-08 0
          0 0 1 0
          -2.3408532 3.333128 2.1855694e-11 1

      }
      DEF +10 Coordinate3 {
        point [ 1.04474 0.0049999999 -1.268,
            -1.04474 0.0049999999 -1.268,
            -1.04474 -0.0049999999 -1.268,
            1.04474 -0.0049999999 -1.268,
            1.04474 0.0049999999 1.268,
            -1.04474 0.0049999999 1.268,
            -1.04474 -0.0049999999 1.268,
            1.04474 -0.0049999999 1.268 ]

      }
      USE +2
    }
    Separator {

      DEF +11 MatrixTransform {
        matrix 0.49999997 0.86602545 -4.3711388e-08 0
          -0.86602539 0.50000006 -4.3711388e-08 0
          0 0 1 0
          -3.6938019 1.7161469 2.1855694e-11 1

      }
      DEF +12 Coordinate3 {
        point [ 1.04474 0.0049999999 -1.268,
            -1.04474 0.0049999999 -1.268,
            -1.04474 -0.0049999999 -1.268,
            1.04474 -0.0049999999 -1.268,
            1.04474 0.0049999999 1.268,
            -1.04474 0.0049999999 1.268,
            -1.04474 -0.0049999999 1.268,
            1.04474 -0.0049999999 1.268 ]

      }
      USE +2
    }
    Separator {

      DEF +13 MatrixTransform {
        matrix -4.3711388e-08 1 -4.3711388e-08 0
          -1 -8.7422777e-08 -4.3711388e-08 0
          0 0 1 0
          -4.0570002 -0.36067402 2.1855694e-11 1

      }
      DEF +14 Coordinate3 {
        point [ 1.04474 0.0049999999 -1.268,
            -1.04474 0.0049999999 -1.268,
            -1.04474 -0.0049999999 -1.268,
            1.04474 -0.0049999999 -1.268,
            1.04474 0.0049999999 1.268,
            -1.04474 0.0049999999 1.268,
            -1.04474 -0.0049999999 1.268,
            1.04474 -0.0049999999 1.268 ]

      }
      USE +2
    }
    Separator {

      DEF +15 MatrixTransform {
        matrix -0.50000006 0.86602539 -4.3711388e-08 0
          -0.86602545 -0.5 -4.3711392e-08 0
          0 0 1 0
          -3.333128 -2.3408532 2.1855698e-11 1

      }
      DEF +16 Coordinate3 {
        point [ 1.04474 0.0049999999 -1.268,
            -1.04474 0.0049999999 -1.268,
            -1.04474 -0.0049999999 -1.268,
            1.04474 -0.0049999999 -1.268,
            1.04474 0.0049999999 1.268,
            -1.04474 0.0049999999 1.268,
            -1.04474 -0.0049999999 1.268,
            1.04474 -0.0049999999 1.268 ]

      }
      USE +2
    }
    Separator {

      DEF +17 MatrixTransform {
        matrix -0.86602539 0.50000006 -4.3711388e-08 0
          -0.49999991 -0.86602545 -4.3711388e-08 0
          0 0 1 0
          -1.7161469 -3.6938019 2.1855694e-11 1

      }
      DEF +18 Coordinate3 {
        point [ 1.04474 0.0049999999 -1.268,
            -1.04474 0.0049999999 -1.268,
            -1.04474 -0.0049999999 -1.268,
            1.04474 -0.0049999999 -1.268,
            1.04474 0.0049999999 1.268,
            -1.04474 0.0049999999 1.268,
            -1.04474 -0.0049999999 1.268,
            1.04474 -0.0049999999 1.268 ]

      }
      USE +2
    }
    Separator {

      DEF +19 MatrixTransform {
        matrix -1 -8.7422777e-08 -4.3711388e-08 0
          1.1924881e-08 -1 -4.3711388e-08 0
          0 0 1 0
          0.36067501 -4.0570002 2.1855694e-11 1

      }
      DEF +20 Coordinate3 {
        point [ 1.04474 0.0049999999 -1.268,
            -1.04474 0.0049999999 -1.268,
            -1.04474 -0.0049999999 -1.268,
            1.04474 -0.0049999999 -1.268,
            1.04474 0.0049999999 1.268,
            -1.04474 0.0049999999 1.268,
            -1.04474 -0.0049999999 1.268,
            1.04474 -0.0049999999 1.268 ]

      }
      USE +2
    }
    Separator {

      DEF +21 MatrixTransform {
        matrix -0.86602545 -0.5 -4.3711392e-08 0
          0.49999991 -0.86602545 -4.3711388e-08 0
          0 0 1 0
          2.3408532 -3.333128 2.1855694e-11 1

      }
      DEF +22 Coordinate3 {
        point [ 1.04474 0.0049999999 -1.268,
            -1.04474 0.0049999999 -1.268,
            -1.04474 -0.0049999999 -1.268,
            1.04474 -0.0049999999 -1.268,
            1.04474 0.0049999999 1.268,
            -1.04474 0.0049999999 1.268,
            -1.04474 -0.0049999999 1.268,
            1.04474 -0.0049999999 1.268 ]

      }
      USE +2
    }
    Separator {

      DEF +23 MatrixTransform {
        matrix -0.49999991 -0.86602545 -4.3711388e-08 0
          0.86602533 -0.50000018 -4.3711388e-08 0
          0 0 1 0
          3.6938019 -1.7161469 2.1855694e-11 1

      }
      DEF +24 Coordinate3 {
        point [ 1.04474 0.0049999999 -1.268,
            -1.04474 0.0049999999 -1.268,
            -1.04474 -0.0049999999 -1.268,
            1.04474 -0.0049999999 -1.268,
            1.04474 0.0049999999 1.268,
            -1.04474 0.0049999999 1.268,
            -1.04474 -0.0049999999 1.268,
            1.04474 -0.0049999999 1.268 ]

      }
      USE +2
    }
    Separator {

      DEF +25 MatrixTransform {
        matrix 1.1924881e-08 -1 -4.3711388e-08 0
          1 0 -4.3711388e-08 0
          0 0 1 0
          4.0570002 0.36067402 5.342 1

      }
      DEF +26 Coordinate3 {
        point [ 1.04474 0.0049999999 -1.268,
            -1.04474 0.0049999999 -1.268,
            -1.04474 -0.0049999999 -1.268,
            1.04474 -0.0049999999 -1.268,
            1.04474 0.0049999999 1.268,
            -1.04474 0.0049999999 1.268,
            -1.04474 -0.0049999999 1.268,
            1.04474 -0.0049999999 1.268 ]

      }
      USE +2
    }
    Separator {

      DEF +27 MatrixTransform {
        matrix 0.49999991 -0.86602545 -4.3711388e-08 0
          0.86602539 0.5 -4.3711388e-08 0
          0 0 1 0
          3.333128 2.3408532 5.342 1

      }
      DEF +28 Coordinate3 {
        point [ 1.04474 0.0049999999 -1.268,
            -1.04474 0.0049999999 -1.268,
            -1.04474 -0.0049999999 -1.268,
            1.04474 -0.0049999999 -1.268,
            1.04474 0.0049999999 1.268,
            -1.04474 0.0049999999 1.268,
            -1.04474 -0.0049999999 1.268,
            1.04474 -0.0049999999 1.268 ]

      }
      USE +2
    }
    Separator {

      DEF +29 MatrixTransform {
        matrix 0.86602533 -0.50000018 -4.3711388e-08 0
          0.49999997 0.86602545 -4.3711388e-08 0
          0 0 1 0
          1.7161469 3.6938019 5.342 1

      }
      DEF +30 Coordinate3 {
        point [ 1.04474 0.0049999999 -1.268,
            -1.04474 0.0049999999 -1.268,
            -1.04474 -0.0049999999 -1.268,
            1.04474 -0.0049999999 -1.268,
            1.04474 0.0049999999 1.268,
            -1.04474 0.0049999999 1.268,
            -1.04474 -0.0049999999 1.268,
            1.04474 -0.0049999999 1.268 ]

      }
      USE +2
    }
    Separator {

      DEF +31 MatrixTransform {
        matrix 1 0 0 0
          0 1 0 0
          0 0 1 0
          -0.36067402 4.0570002 5.342 1

      }
      DEF +32 Coordinate3 {
        point [ 1.04474 0.0049999999 -1.268,
            -1.04474 0.0049999999 -1.268,
            -1.04474 -0.0049999999 -1.268,
            1.04474 -0.0049999999 -1.268,
            1.04474 0.0049999999 1.268,
            -1.04474 0.0049999999 1.268,
            -1.04474 -0.0049999999 1.268,
            1.04474 -0.0049999999 1.268 ]

      }
      USE +2
    }
    Separator {

      DEF +33 MatrixTransform {
        matrix 0.86602539 0.5 -4.3711388e-08 0
          -0.50000006 0.86602539 -4.3711388e-08 0
          0 0 1 0
          -2.3408532 3.333128 5.342 1

      }
      DEF +34 Coordinate3 {
        point [ 1.04474 0.0049999999 -1.268,
            -1.04474 0.0049999999 -1.268,
            -1.04474 -0.0049999999 -1.268,
            1.04474 -0.0049999999 -1.268,
            1.04474 0.0049999999 1.268,
            -1.04474 0.0049999999 1.268,
            -1.04474 -0.0049999999 1.268,
            1.04474 -0.0049999999 1.268 ]

      }
      USE +2
    }
    Separator {

      DEF +35 MatrixTransform {
        matrix 0.49999997 0.86602545 -4.3711388e-08 0
          -0.86602539 0.50000006 -4.3711388e-08 0
          0 0 1 0
          -3.6938019 1.7161469 5.342 1

      }
      DEF +36 Coordinate3 {
        point [ 1.04474 0.0049999999 -1.268,
            -1.04474 0.0049999999 -1.268,
            -1.04474 -0.0049999999 -1.268,
            1.04474 -0.0049999999 -1.268,
            1.04474 0.0049999999 1.268,
            -1.04474 0.0049999999 1.268,
            -1.04474 -0.0049999999 1.268,
            1.04474 -0.0049999999 1.268 ]

      }
      USE +2
    }
    Separator {

      DEF +37 MatrixTransform {
        matrix -4.3711388e-08 1 -4.3711388e-08 0
          -1 -8.7422777e-08 -4.3711388e-08 0
          0 0 1 0
          -4.0570002 -0.36067402 5.342 1

      }
      DEF +38 Coordinate3 {
        point [ 1.04474 0.0049999999 -1.268,
            -1.04474 0.0049999999 -1.268,
            -1.04474 -0.0049999999 -1.268,
            1.04474 -0.0049999999 -1.268,
            1.04474 0.0049999999 1.268,
            -1.04474 0.0049999999 1.268,
            -1.04474 -0.0049999999 1.268,
            1.04474 -0.0049999999 1.268 ]

      }
      USE +2
    }
    Separator {

      DEF +39 MatrixTransform {
        matrix -0.50000006 0.86602539 -4.3711388e-08 0
          -0.86602545 -0.5 -4.3711392e-08 0
          0 0 1 0
          -3.333128 -2.3408532 5.342 1

      }
      DEF +40 Coordinate3 {
        point [ 1.04474 0.0049999999 -1.268,
            -1.04474 0.0049999999 -1.268,
            -1.04474 -0.0049999999 -1.268,
            1.04474 -0.0049999999 -1.268,
            1.04474 0.0049999999 1.268,
            -1.04474 0.0049999999 1.268,
            -1.04474 -0.0049999999 1.268,
            1.04474 -0.0049999999 1.268 ]

      }
      USE +2
    }
    Separator {

      DEF +41 MatrixTransform {
        matrix -0.86602539 0.50000006 -4.3711388e-08 0
          -0.49999991 -0.86602545 -4.3711388e-08 0
          0 0 1 0
          -1.7161469 -3.6938019 5.342 1

      }
      DEF +42 Coordinate3 {
        point [ 1.04474 0.0049999999 -1.268,
            -1.04474 0.0049999999 -1.268,
            -1.04474 -0.0049999999 -1.268,
            1.04474 -0.0049999999 -1.268,
            1.04474 0.0049999999 1.268,
            -1.04474 0.0049999999 1.268,
            -1.04474 -0.0049999999 1.268,
            1.04474 -0.0049999999 1.268 ]

      }
      USE +2
    }
    Separator {

      DEF +43 MatrixTransform {
        matrix -1 -8.7422777e-08 -4.3711388e-08 0
          1.1924881e-08 -1 -4.3711388e-08 0
          0 0 1 0
          0.36067501 -4.0570002 5.342 1

      }
      DEF +44 Coordinate3 {
        point [ 1.04474 0.0049999999 -1.268,
            -1.04474 0.0049999999 -1.268,
            -1.04474 -0.0049999999 -1.268,
            1.04474 -0.0049999999 -1.268,
            1.04474 0.0049999999 1.268,
            -1.04474 0.0049999999 1.268,
            -1.04474 -0.0049999999 1.268,
            1.04474 -0.0049999999 1.268 ]

      }
      USE +2
    }
    Separator {

      DEF +45 MatrixTransform {
        matrix -0.86602545 -0.5 -4.3711392e-08 0
          0.49999991 -0.86602545 -4.3711388e-08 0
          0 0 1 0
          2.3408532 -3.333128 5.342 1

      }
      DEF +46 Coordinate3 {
        point [ 1.04474 0.0049999999 -1.268,
            -1.04474 0.0049999999 -1.268,
            -1.04474 -0.0049999999 -1.268,
            1.04474 -0.0049999999 -1.268,
            1.04474 0.0049999999 1.268,
            -1.04474 0.0049999999 1.268,
            -1.04474 -0.0049999999 1.268,
            1.04474 -0.0049999999 1.268 ]

      }
      USE +2
    }
    Separator {

      DEF +47 MatrixTransform {
        matrix -0.49999991 -0.86602545 -4.3711388e-08 0
          0.86602533 -0.50000018 -4.3711388e-08 0
          0 0 1 0
          3.6938019 -1.7161469 5.342 1

      }
      DEF +48 Coordinate3 {
        point [ 1.04474 0.0049999999 -1.268,
            -1.04474 0.0049999999 -1.268,
            -1.04474 -0.0049999999 -1.268,
            1.04474 -0.0049999999 -1.268,
            1.04474 0.0049999999 1.268,
            -1.04474 0.0049999999 1.268,
            -1.04474 -0.0049999999 1.268,
            1.04474 -0.0049999999 1.268 ]

      }
      USE +2
    }
    Separator {

      DEF +49 MatrixTransform {
        matrix 1.1924881e-08 -1 -4.3711388e-08 0
          1 0 -4.3711388e-08 0
          0 0 1 0
          4.0570002 0.36067402 2.6860001 1

      }
      DEF +50 Coordinate3 {
        point [ 1.04474 0.0049999999 -1.268,
            -1.04474 0.0049999999 -1.268,
            -1.04474 -0.0049999999 -1.268,
            1.04474 -0.0049999999 -1.268,
            1.04474 0.0049999999 1.268,
            -1.04474 0.0049999999 1.268,
            -1.04474 -0.0049999999 1.268,
            1.04474 -0.0049999999 1.268 ]

      }
      USE +2
    }
    Separator {

      DEF +51 MatrixTransform {
        matrix 0.49999991 -0.86602545 -4.3711388e-08 0
          0.86602539 0.5 -4.3711388e-08 0
          0 0 1 0
          3.333128 2.3408532 2.6860001 1

      }
      DEF +52 Coordinate3 {
        point [ 1.04474 0.0049999999 -1.268,
            -1.04474 0.0049999999 -1.268,
            -1.04474 -0.0049999999 -1.268,
            1.04474 -0.0049999999 -1.268,
            1.04474 0.0049999999 1.268,
            -1.04474 0.0049999999 1.268,
            -1.04474 -0.0049999999 1.268,
            1.04474 -0.0049999999 1.268 ]

      }
      USE +2
    }
    Separator {

      DEF +53 MatrixTransform {
        matrix 0.86602533 -0.50000018 -4.3711388e-08 0
          0.49999997 0.86602545 -4.3711388e-08 0
          0 0 1 0
          1.7161469 3.6938019 2.6860001 1

      }
      DEF +54 Coordinate3 {
        point [ 1.04474 0.0049999999 -1.268,
            -1.04474 0.0049999999 -1.268,
            -1.04474 -0.0049999999 -1.268,
            1.04474 -0.0049999999 -1.268,
            1.04474 0.0049999999 1.268,
            -1.04474 0.0049999999 1.268,
            -1.04474 -0.0049999999 1.268,
            1.04474 -0.0049999999 1.268 ]

      }
      USE +2
    }
    Separator {

      DEF +55 MatrixTransform {
        matrix 1 0 0 0
          0 1 0 0
          0 0 1 0
          -0.36067402 4.0570002 2.6860001 1

      }
      DEF +56 Coordinate3 {
        point [ 1.04474 0.0049999999 -1.268,
            -1.04474 0.0049999999 -1.268,
            -1.04474 -0.0049999999 -1.268,
            1.04474 -0.0049999999 -1.268,
            1.04474 0.0049999999 1.268,
            -1.04474 0.0049999999 1.268,
            -1.04474 -0.0049999999 1.268,
            1.04474 -0.0049999999 1.268 ]

      }
      USE +2
    }
    Separator {

      DEF +57 MatrixTransform {
        matrix 0.86602539 0.5 -4.3711388e-08 0
          -0.50000006 0.86602539 -4.3711388e-08 0
          0 0 1 0
          -2.3408532 3.333128 2.6860001 1

      }
      DEF +58 Coordinate3 {
        point [ 1.04474 0.0049999999 -1.268,
            -1.04474 0.0049999999 -1.268,
            -1.04474 -0.0049999999 -1.268,
            1.04474 -0.0049999999 -1.268,
            1.04474 0.0049999999 1.268,
            -1.04474 0.0049999999 1.268,
            -1.04474 -0.0049999999 1.268,
            1.04474 -0.0049999999 1.268 ]

      }
      USE +2
    }
    Separator {

      DEF +59 MatrixTransform {
        matrix 0.49999997 0.86602545 -4.3711388e-08 0
          -0.86602539 0.50000006 -4.3711388e-08 0
          0 0 1 0
          -3.6938019 1.7161469 2.6860001 1

      }
      DEF +60 Coordinate3 {
        point [ 1.04474 0.0049999999 -1.268,
            -1.04474 0.0049999999 -1.268,
            -1.04474 -0.0049999999 -1.268,
            1.04474 -0.0049999999 -1.268,
            1.04474 0.0049999999 1.268,
            -1.04474 0.0049999999 1.268,
            -1.04474 -0.0049999999 1.268,
            1.04474 -0.0049999999 1.268 ]

      }
      USE +2
    }
    Separator {

      DEF +61 MatrixTransform {
        matrix -4.3711388e-08 1 -4.3711388e-08 0
          -1 -8.7422777e-08 -4.3711388e-08 0
          0 0 1 0
          -4.0570002 -0.36067402 2.6860001 1

      }
      DEF +62 Coordinate3 {
        point [ 1.04474 0.0049999999 -1.268,
            -1.04474 0.0049999999 -1.268,
            -1.04474 -0.0049999999 -1.268,
            1.04474 -0.0049999999 -1.268,
            1.04474 0.0049999999 1.268,
            -1.04474 0.0049999999 1.268,
            -1.04474 -0.0049999999 1.268,
            1.04474 -0.0049999999 1.268 ]

      }
      USE +2
    }
    Separator {

      DEF +63 MatrixTransform {
        matrix -0.50000006 0.86602539 -4.3711388e-08 0
          -0.86602545 -0.5 -4.3711392e-08 0
          0 0 1 0
          -3.333128 -2.3408532 2.6860001 1

      }
      DEF +64 Coordinate3 {
        point [ 1.04474 0.0049999999 -1.268,
            -1.04474 0.0049999999 -1.268,
            -1.04474 -0.0049999999 -1.268,
            1.04474 -0.0049999999 -1.268,
            1.04474 0.0049999999 1.268,
            -1.04474 0.0049999999 1.268,
            -1.04474 -0.0049999999 1.268,
            1.04474 -0.0049999999 1.268 ]

      }
      USE +2
    }
    Separator {

      DEF +65 MatrixTransform {
        matrix -0.86602539 0.50000006 -4.3711388e-08 0
          -0.49999991 -0.86602545 -4.3711388e-08 0
          0 0 1 0
          -1.7161469 -3.6938019 2.6860001 1

      }
      DEF +66 Coordinate3 {
        point [ 1.04474 0.0049999999 -1.268,
            -1.04474 0.0049999999 -1.268,
            -1.04474 -0.0049999999 -1.268,
            1.04474 -0.0049999999 -1.268,
            1.04474 0.0049999999 1.268,
            -1.04474 0.0049999999 1.268,
            -1.04474 -0.0049999999 1.268,
            1.04474 -0.0049999999 1.268 ]

      }
      USE +2
    }
    Separator {

      DEF +67 MatrixTransform {
        matrix -1 -8.7422777e-08 -4.3711388e-08 0
          1.1924881e-08 -1 -4.3711388e-08 0
          0 0 1 0
          0.36067501 -4.0570002 2.6860001 1

      }
      DEF +68 Coordinate3 {
        point [ 1.04474 0.0049999999 -1.268,
            -1.04474 0.0049999999 -1.268,
            -1.04474 -0.0049999999 -1.268,
            1.04474 -0.0049999999 -1.268,
            1.04474 0.0049999999 1.268,
            -1.04474 0.0049999999 1.268,
            -1.04474 -0.0049999999 1.268,
            1.04474 -0.0049999999 1.268 ]

      }
      USE +2
    }
    Separator {

      DEF +69 MatrixTransform {
        matrix -0.86602545 -0.5 -4.3711392e-08 0
          0.49999991 -0.86602545 -4.3711388e-08 0
          0 0 1 0
          2.3408532 -3.333128 2.6860001 1

      }
      DEF +70 Coordinate3 {
        point [ 1.04474 0.0049999999 -1.268,
            -1.04474 0.0049999999 -1.268,
            -1.04474 -0.0049999999 -1.268,
            1.04474 -0.0049999999 -1.268,
            1.04474 0.0049999999 1.268,
            -1.04474 0.0049999999 1.268,
            -1.04474 -0.0049999999 1.268,
            1.04474 -0.0049999999 1.268 ]

      }
      USE +2
    }
    Separator {

      DEF +71 MatrixTransform {
        matrix -0.49999991 -0.86602545 -4.3711388e-08 0
          0.86602533 -0.50000018 -4.3711388e-08 0
          0 0 1 0
          3.6938019 -1.7161469 2.6860001 1

      }
      DEF +72 Coordinate3 {
        point [ 1.04474 0.0049999999 -1.268,
            -1.04474 0.0049999999 -1.268,
            -1.04474 -0.0049999999 -1.268,
            1.04474 -0.0049999999 -1.268,
            1.04474 0.0049999999 1.268,
            -1.04474 0.0049999999 1.268,
            -1.04474 -0.0049999999 1.268,
            1.04474 -0.0049999999 1.268 ]

      }
      USE +2
    }
    Separator {

      DEF +73 MatrixTransform {
        matrix 1.1924881e-08 -1 -4.3711388e-08 0
          1 0 -4.3711388e-08 0
          0 0 1 0
          4.0570002 0.36067402 -2.6860001 1

      }
      DEF +74 Coordinate3 {
        point [ 1.04474 0.0049999999 -1.268,
            -1.04474 0.0049999999 -1.268,
            -1.04474 -0.0049999999 -1.268,
            1.04474 -0.0049999999 -1.268,
            1.04474 0.0049999999 1.268,
            -1.04474 0.0049999999 1.268,
            -1.04474 -0.0049999999 1.268,
            1.04474 -0.0049999999 1.268 ]

      }
      USE +2
    }
    Separator {

      DEF +75 MatrixTransform {
        matrix 0.49999991 -0.86602545 -4.3711388e-08 0
          0.86602539 0.5 -4.3711388e-08 0
          0 0 1 0
          3.333128 2.3408532 -2.6860001 1

      }
      DEF +76 Coordinate3 {
        point [ 1.04474 0.0049999999 -1.268,
            -1.04474 0.0049999999 -1.268,
            -1.04474 -0.0049999999 -1.268,
            1.04474 -0.0049999999 -1.268,
            1.04474 0.0049999999 1.268,
            -1.04474 0.0049999999 1.268,
            -1.04474 -0.0049999999 1.268,
            1.04474 -0.0049999999 1.268 ]

      }
      USE +2
    }
    Separator {

      DEF +77 MatrixTransform {
        matrix 0.86602533 -0.50000018 -4.3711388e-08 0
          0.49999997 0.86602545 -4.3711388e-08 0
          0 0 1 0
          1.7161469 3.6938019 -2.6860001 1

      }
      DEF +78 Coordinate3 {
        point [ 1.04474 0.0049999999 -1.268,
            -1.04474 0.0049999999 -1.268,
            -1.04474 -0.0049999999 -1.268,
            1.04474 -0.0049999999 -1.268,
            1.04474 0.0049999999 1.268,
            -1.04474 0.0049999999 1.268,
            -1.04474 -0.0049999999 1.268,
            1.04474 -0.0049999999 1.268 ]

      }
      USE +2
    }
    Separator {

      DEF +79 MatrixTransform {
        matrix 1 0 0 0
          0 1 0 0
          0 0 1 0
          -0.36067402 4.0570002 -2.6860001 1

      }
      DEF +80 Coordinate3 {
        point [ 1.04474 0.0049999999 -1.268,
            -1.04474 0.0049999999 -1.268,
            -1.04474 -0.0049999999 -1.268,
            1.04474 -0.0049999999 -1.268,
            1.04474 0.0049999999 1.268,
            -1.04474 0.0049999999 1.268,
            -1.04474 -0.0049999999 1.268,
            1.04474 -0.0049999999 1.268 ]

      }
      USE +2
    }
    Separator {

      DEF +81 MatrixTransform {
        matrix 0.86602539 0.5 -4.3711388e-08 0
          -0.50000006 0.86602539 -4.3711388e-08 0
          0 0 1 0
          -2.3408532 3.333128 -2.6860001 1

      }
      DEF +82 Coordinate3 {
        point [ 1.04474 0.0049999999 -1.268,
            -1.04474 0.0049999999 -1.268,
            -1.04474 -0.0049999999 -1.268,
            1.04474 -0.0049999999 -1.268,
            1.04474 0.0049999999 1.268,
            -1.04474 0.0049999999 1.268,
            -1.04474 -0.0049999999 1.268,
            1.04474 -0.0049999999 1.268 ]

      }
      USE +2
    }
    Separator {

      DEF +83 MatrixTransform {
        matrix 0.49999997 0.86602545 -4.3711388e-08 0
          -0.86602539 0.50000006 -4.3711388e-08 0
          0 0 1 0
          -3.6938019 1.7161469 -2.6860001 1

      }
      DEF +84 Coordinate3 {
        point [ 1.04474 0.0049999999 -1.268,
            -1.04474 0.0049999999 -1.268,
            -1.04474 -0.0049999999 -1.268,
            1.04474 -0.0049999999 -1.268,
            1.04474 0.0049999999 1.268,
            -1.04474 0.0049999999 1.268,
            -1.04474 -0.0049999999 1.268,
            1.04474 -0.0049999999 1.268 ]

      }
      USE +2
    }
    Separator {

      DEF +85 MatrixTransform {
        matrix -4.3711388e-08 1 -4.3711388e-08 0
          -1 -8.7422777e-08 -4.3711388e-08 0
          0 0 1 0
          -4.0570002 -0.36067402 -2.6860001 1

      }
      DEF +86 Coordinate3 {
        point [ 1.04474 0.0049999999 -1.268,
            -1.04474 0.0049999999 -1.268,
            -1.04474 -0.0049999999 -1.268,
            1.04474 -0.0049999999 -1.268,
            1.04474 0.0049999999 1.268,
            -1.04474 0.0049999999 1.268,
            -1.04474 -0.0049999999 1.268,
            1.04474 -0.0049999999 1.268 ]

      }
      USE +2
    }
    Separator {

      DEF +87 MatrixTransform {
        matrix -0.50000006 0.86602539 -4.3711388e-08 0
          -0.86602545 -0.5 -4.3711392e-08 0
          0 0 1 0
          -3.333128 -2.3408532 -2.6860001 1

      }
      DEF +88 Coordinate3 {
        point [ 1.04474 0.0049999999 -1.268,
            -1.04474 0.0049999999 -1.268,
            -1.04474 -0.0049999999 -1.268,
            1.04474 -0.0049999999 -1.268,
            1.04474 0.0049999999 1.268,
            -1.04474 0.0049999999 1.268,
            -1.04474 -0.0049999999 1.268,
            1.04474 -0.0049999999 1.268 ]

      }
      USE +2
    }
    Separator {

      DEF +89 MatrixTransform {
        matrix -0.86602539 0.50000006 -4.3711388e-08 0
          -0.49999991 -0.86602545 -4.3711388e-08 0
          0 0 1 0
          -1.7161469 -3.6938019 -2.6860001 1

      }
      DEF +90 Coordinate3 {
        point [ 1.04474 0.0049999999 -1.268,
            -1.04474 0.0049999999 -1.268,
            -1.04474 -0.0049999999 -1.268,
            1.04474 -0.0049999999 -1.268,
            1.04474 0.0049999999 1.268,
            -1.04474 0.0049999999 1.268,
            -1.04474 -0.0049999999 1.268,
            1.04474 -0.0049999999 1.268 ]

      }
      USE +2
    }
    Separator {

      DEF +91 MatrixTransform {
        matrix -1 -8.7422777e-08 -4.3711388e-08 0
          1.1924881e-08 -1 -4.3711388e-08 0
          0 0 1 0
          0.36067501 -4.0570002 -2.6860001 1

      }
      DEF +92 Coordinate3 {
        point [ 1.04474 0.0049999999 -1.268,
            -1.04474 0.0049999999 -1.268,
            -1.04474 -0.0049999999 -1.268,
            1.04474 -0.0049999999 -1.268,
            1.04474 0.0049999999 1.268,
            -1.04474 0.0049999999 1.268,
            -1.04474 -0.0049999999 1.268,
            1.04474 -0.0049999999 1.268 ]

      }
      USE +2
    }
    Separator {

      DEF +93 MatrixTransform {
        matrix -0.86602545 -0.5 -4.3711392e-08 0
          0.49999991 -0.86602545 -4.3711388e-08 0
          0 0 1 0
          2.3408532 -3.333128 -2.6860001 1

      }
      DEF +94 Coordinate3 {
        point [ 1.04474 0.0049999999 -1.268,
            -1.04474 0.0049999999 -1.268,
            -1.04474 -0.0049999999 -1.268,
            1.04474 -0.0049999999 -1.268,
            1.04474 0.0049999999 1.268,
            -1.04474 0.0049999999 1.268,
            -1.04474 -0.0049999999 1.268,
            1.04474 -0.0049999999 1.268 ]

      }
      USE +2
    }
    Separator {

      DEF +95 MatrixTransform {
        matrix -0.49999991 -0.86602545 -4.3711388e-08 0
          0.86602533 -0.50000018 -4.3711388e-08 0
          0 0 1 0
          3.6938019 -1.7161469 -2.6860001 1

      }
      DEF +96 Coordinate3 {
        point [ 1.04474 0.0049999999 -1.268,
            -1.04474 0.0049999999 -1.268,
            -1.04474 -0.0049999999 -1.268,
            1.04474 -0.0049999999 -1.268,
            1.04474 0.0049999999 1.268,
            -1.04474 0.0049999999 1.268,
            -1.04474 -0.0049999999 1.268,
            1.04474 -0.0049999999 1.268 ]

      }
      USE +2
    }
    Separator {

      DEF +97 MatrixTransform {
        matrix 1.1924881e-08 -1 -4.3711388e-08 0
          1 0 -4.3711388e-08 0
          0 0 1 0
          4.0570002 0.36067402 -5.342 1

      }
      DEF +98 Coordinate3 {
        point [ 1.04474 0.0049999999 -1.268,
            -1.04474 0.0049999999 -1.268,
            -1.04474 -0.0049999999 -1.268,
            1.04474 -0.0049999999 -1.268,
            1.04474 0.0049999999 1.268,
            -1.04474 0.0049999999 1.268,
            -1.04474 -0.0049999999 1.268,
            1.04474 -0.0049999999 1.268 ]

      }
      USE +2
    }
    Separator {

      DEF +99 MatrixTransform {
        matrix 0.49999991 -0.86602545 -4.3711388e-08 0
          0.86602539 0.5 -4.3711388e-08 0
          0 0 1 0
          3.333128 2.3408532 -5.342 1

      }
      DEF +100 Coordinate3 {
        point [ 1.04474 0.0049999999 -1.268,
            -1.04474 0.0049999999 -1.268,
            -1.04474 -0.0049999999 -1.268,
            1.04474 -0.0049999999 -1.268,
            1.04474 0.0049999999 1.268,
            -1.04474 0.0049999999 1.268,
            -1.04474 -0.0049999999 1.268,
            1.04474 -0.0049999999 1.268 ]

      }
      USE +2
    }
    Separator {

      DEF +101 MatrixTransform {
        matrix 0.86602533 -0.50000018 -4.3711388e-08 0
          0.49999997 0.86602545 -4.3711388e-08 0
          0 0 1 0
          1.7161469 3.6938019 -5.342 1

      }
      DEF +102 Coordinate3 {
        point [ 1.04474 0.0049999999 -1.268,
            -1.04474 0.0049999999 -1.268,
            -1.04474 -0.0049999999 -1.268,
            1.04474 -0.0049999999 -1.268,
            1.04474 0.0049999999 1.268,
            -1.04474 0.0049999999 1.268,
            -1.04474 -0.0049999999 1.268,
            1.04474 -0.0049999999 1.268 ]

      }
      USE +2
    }
    Separator {

      DEF +103 MatrixTransform {
        matrix 1 0 0 0
          0 1 0 0
          0 0 1 0
          -0.36067402 4.0570002 -5.342 1

      }
      DEF +104 Coordinate3 {
        point [ 1.04474 0.0049999999 -1.268,
            -1.04474 0.0049999999 -1.268,
            -1.04474 -0.0049999999 -1.268,
            1.04474 -0.0049999999 -1.268,
            1.04474 0.0049999999 1.268,
            -1.04474 0.0049999999 1.268,
            -1.04474 -0.0049999999 1.268,
            1.04474 -0.0049999999 1.268 ]

      }
      USE +2
    }
    Separator {

      DEF +105 MatrixTransform {
        matrix 0.86602539 0.5 -4.3711388e-08 0
          -0.50000006 0.86602539 -4.3711388e-08 0
          0 0 1 0
          -2.3408532 3.333128 -5.342 1

      }
      DEF +106 Coordinate3 {
        point [ 1.04474 0.0049999999 -1.268,
            -1.04474 0.0049999999 -1.268,
            -1.04474 -0.0049999999 -1.268,
            1.04474 -0.0049999999 -1.268,
            1.04474 0.0049999999 1.268,
            -1.04474 0.0049999999 1.268,
            -1.04474 -0.0049999999 1.268,
            1.04474 -0.0049999999 1.268 ]

      }
      USE +2
    }
    Separator {

      DEF +107 MatrixTransform {
        matrix 0.49999997 0.86602545 -4.3711388e-08 0
          -0.86602539 0.50000006 -4.3711388e-08 0
          0 0 1 0
          -3.6938019 1.7161469 -5.342 1

      }
      DEF +108 Coordinate3 {
        point [ 1.04474 0.0049999999 -1.268,
            -1.04474 0.0049999999 -1.268,
            -1.04474 -0.0049999999 -1.268,
            1.04474 -0.0049999999 -1.268,
            1.04474 0.0049999999 1.268,
            -1.04474 0.0049999999 1.268,
            -1.04474 -0.0049999999 1.268,
            1.04474 -0.0049999999 1.268 ]

      }
      USE +2
    }
    Separator {

      DEF +109 MatrixTransform {
        matrix -4.3711388e-08 1 -4.3711388e-08 0
          -1 -8.7422777e-08 -4.3711388e-08 0
          0 0 1 0
          -4.0570002 -0.36067402 -5.342 1

      }
      DEF +110 Coordinate3 {
        point [ 1.04474 0.0049999999 -1.268,
            -1.04474 0.0049999999 -1.268,
            -1.04474 -0.0049999999 -1.268,
            1.04474 -0.0049999999 -1.268,
            1.04474 0.0049999999 1.268,
            -1.04474 0.0049999999 1.268,
            -1.04474 -0.0049999999 1.268,
            1.04474 -0.0049999999 1.268 ]

      }
      USE +2
    }
    Separator {

      DEF +111 MatrixTransform {
        matrix -0.50000006 0.86602539 -4.3711388e-08 0
          -0.86602545 -0.5 -4.3711392e-08 0
          0 0 1 0
          -3.333128 -2.3408532 -5.342 1

      }
      DEF +112 Coordinate3 {
        point [ 1.04474 0.0049999999 -1.268,
            -1.04474 0.0049999999 -1.268,
            -1.04474 -0.0049999999 -1.268,
            1.04474 -0.0049999999 -1.268,
            1.04474 0.0049999999 1.268,
            -1.04474 0.0049999999 1.268,
            -1.04474 -0.0049999999 1.268,
            1.04474 -0.0049999999 1.268 ]

      }
      USE +2
    }
    Separator {

      DEF +113 MatrixTransform {
        matrix -0.86602539 0.50000006 -4.3711388e-08 0
          -0.49999991 -0.86602545 -4.3711388e-08 0
          0 0 1 0
          -1.7161469 -3.6938019 -5.342 1

      }
      DEF +114 Coordinate3 {
        point [ 1.04474 0.0049999999 -1.268,
            -1.04474 0.0049999999 -1.268,
            -1.04474 -0.0049999999 -1.268,
            1.04474 -0.0049999999 -1.268,
            1.04474 0.0049999999 1.268,
            -1.04474 0.0049999999 1.268,
            -1.04474 -0.0049999999 1.268,
            1.04474 -0.0049999999 1.268 ]

      }
      USE +2
    }
    Separator {

      DEF +115 MatrixTransform {
        matrix -1 -8.7422777e-08 -4.3711388e-08 0
          1.1924881e-08 -1 -4.3711388e-08 0
          0 0 1 0
          0.36067501 -4.0570002 -5.342 1

      }
      DEF +116 Coordinate3 {
        point [ 1.04474 0.0049999999 -1.268,
            -1.04474 0.0049999999 -1.268,
            -1.04474 -0.0049999999 -1.268,
            1.04474 -0.0049999999 -1.268,
            1.04474 0.0049999999 1.268,
            -1.04474 0.0049999999 1.268,
            -1.04474 -0.0049999999 1.268,
            1.04474 -0.0049999999 1.268 ]

      }
      USE +2
    }
    Separator {

      DEF +117 MatrixTransform {
        matrix -0.86602545 -0.5 -4.3711392e-08 0
          0.49999991 -0.86602545 -4.3711388e-08 0
          0 0 1 0
          2.3408532 -3.333128 -5.342 1

      }
      DEF +118 Coordinate3 {
        point [ 1.04474 0.0049999999 -1.268,
            -1.04474 0.0049999999 -1.268,
            -1.04474 -0.0049999999 -1.268,
            1.04474 -0.0049999999 -1.268,
            1.04474 0.0049999999 1.268,
            -1.04474 0.0049999999 1.268,
            -1.04474 -0.0049999999 1.268,
            1.04474 -0.0049999999 1.268 ]

      }
      USE +2
    }
    Separator {

      DEF +119 MatrixTransform {
        matrix -0.49999991 -0.86602545 -4.3711388e-08 0
          0.86602533 -0.50000018 -4.3711388e-08 0
          0 0 1 0
          3.6938019 -1.7161469 -5.342 1

      }
      DEF +120 Coordinate3 {
        point [ 1.04474 0.0049999999 -1.268,
            -1.04474 0.0049999999 -1.268,
            -1.04474 -0.0049999999 -1.268,
            1.04474 -0.0049999999 -1.268,
            1.04474 0.0049999999 1.268,
            -1.04474 0.0049999999 1.268,
            -1.04474 -0.0049999999 1.268,
            1.04474 -0.0049999999 1.268 ]

      }
      USE +2
    }
  }
  DEF G3LINES Separator {

    Separator {

      USE +0
      USE +1
      DEF +121 IndexedLineSet {
        coordIndex [ 2, 1, 0, 4, 5, 6, 2, 3,
            7, 4, -1, 7, 6, -1, 0, 3,
            -1 ]

      }
    }
    Separator {

      USE +3
      USE +4
      USE +121
    }
    Separator {

      USE +5
      USE +6
      USE +121
    }
    Separator {

      USE +7
      USE +8
      USE +121
    }
    Separator {

      USE +9
      USE +10
      USE +121
    }
    Separator {

      USE +11
      USE +12
      USE +121
    }
    Separator {

      USE +13
      USE +14
      USE +121
    }
    Separator {

      USE +15
      USE +16
      USE +121
    }
    Separator {

      USE +17
      USE +18
      USE +121
    }
    Separator {

      USE +19
      USE +20
      USE +121
    }
    Separator {

      USE +21
      USE +22
      USE +121
    }
    Separator {

      USE +23
      USE +24
      USE +121
    }
    Separator {

      USE +25
      USE +26
      USE +121
    }
    Separator {

      USE +27
      USE +28
      USE +121
    }
    Separator {

      USE +29
      USE +30
      USE +121
    }
    Separator {

      USE +31
      USE +32
      USE +121
    }
    Separator {

      USE +33
      USE +34
      USE +121
    }
    Separator {

      USE +35
      USE +36
      USE +121
    }
    Separator {

      USE +37
      USE +38
      USE +121
    }
    Separator {

      USE +39
      USE +40
      USE +121
    }
    Separator {

      USE +41
      USE +42
      USE +121
    }
    Separator {

      USE +43
      USE +44
      USE +121
    }
    Separator {

      USE +45
      USE +46
      USE +121
    }
    Separator {

      USE +47
      USE +48
      USE +121
    }
    Separator {

      USE +49
      USE +50
      USE +121
    }
    Separator {

      USE +51
      USE +52
      USE +121
    }
    Separator {

      USE +53
      USE +54
      USE +121
    }
    Separator {

      USE +55
      USE +56
      USE +121
    }
    Separator {

      USE +57
      USE +58
      USE +121
    }
    Separator {

      USE +59
      USE +60
      USE +121
    }
    Separator {

      USE +61
      USE +62
      USE +121
    }
    Separator {

      USE +63
      USE +64
      USE +121
    }
    Separator {

      USE +65
      USE +66
      USE +121
    }
    Separator {

      USE +67
      USE +68
      USE +121
    }
    Separator {

      USE +69
      USE +70
      USE +121
    }
    Separator {

      USE +71
      USE +72
      USE +121
    }
    Separator {

      USE +73
      USE +74
      USE +121
    }
    Separator {

      USE +75
      USE +76
      USE +121
    }
    Separator {

      USE +77
      USE +78
      USE +121
    }
    Separator {

      USE +79
      USE +80
      USE +121
    }
    Separator {

      USE +81
      USE +82
      USE +121
    }
    Separator {

      USE +83
      USE +84
      USE +121
    }
    Separator {

      USE +85
      USE +86
      USE +121
    }
    Separator {

      USE +87
      USE +88
      USE +121
    }
    Separator {

      USE +89
      USE +90
      USE +121
    }
    Separator {

      USE +91
      USE +92
      USE +121
    }
    Separator {

      USE +93
      USE +94
